"Chromosome"	"Position"	"Coriell.05296"	"Coriell.13330"
"1"	1	0	NA	0.20747
"2"	1	468	0.008824	0.063076
"3"	1	2241	-0.00089	0.123881
"4"	1	4504	0.075875	0.154343
"5"	1	5440	0.017303	-0.04389
"6"	1	7000	-0.00677	0.094144
"7"	1	9046	0.020755	-0.07144
"8"	1	10000	-0.09494	0.122802
"9"	1	12618	-0.05453	0.072896
"10"	1	13000	-0.02506	0.01823
"11"	1	14282	NA	0.022434
"12"	1	15137	0.108454	0.087401
"13"	1	19277	0.078633	0.05771
"14"	1	20960	0.098571	0.096025
"15"	1	22484	0.044048	0.103051
"16"	1	23266	0.018039	0.110311
"17"	1	23982	-0.08881	0.165542
"18"	1	24179	0.016349	0.067904
"19"	1	24473	0.030977	NA
"20"	1	27928	0.071137	-0.04239
"21"	1	29977	-0.00989	0.051696
"22"	1	29977	-0.00647	0.12409
"23"	1	29978	-0.00325	0.164386
"24"	1	31817	NA	0.063335
"25"	1	34038	-0.01963	0.063639
"26"	1	35000	0.045582	0.136787
"27"	1	35105	0.132768	0.134169
"28"	1	35705	0.13352	-0.01449
"29"	1	36206	0.156767	0.142089
"30"	1	37116	0.009122	0.001086
"31"	1	39885	0.123443	0.20906
"32"	1	40326	NA	0.09966
"33"	1	43000	0.139503	NA
"34"	1	43633	-0.01575	NA
"35"	1	46617	0.058658	-0.04402
"36"	1	50292	-0.04704	-0.10123
"37"	1	53142	0.097608	0.092331
"38"	1	59641	0.030969	NA
"39"	1	60609	0.005449	0.004273
"40"	1	63419	-0.00302	-0.02329
"41"	1	65000	0.110623	0.10235
"42"	1	65310	-0.00974	0.053383
"43"	1	67437	0.006256	0.050183
"44"	1	67690	0.016967	-0.02458
"45"	1	69061	0.012966	-0.09213
"46"	1	70496	-0.08402	-0.0101
"47"	1	71190	0.037796	0.035592
"48"	1	71255	0.013165	-0.0203
"49"	1	72188	0.075877	-0.04518
"50"	1	77228	0.012591	-0.11997
"51"	1	83737	NA	-0.13251
"52"	1	85832	0.082055	0.056716
"53"	1	87214	-0.10104	NA
"54"	1	88169	-0.06539	-0.17874
"55"	1	89492	-0.1451	-0.13824
"56"	1	91000	NA	-0.08981
"57"	1	91440	NA	-0.11487
"58"	1	91440	-0.06432	-0.12422
"59"	1	93058	0.108947	0.009839
"60"	1	94489	-0.01239	-0.01588
"61"	1	97558	0.046397	-0.04186
"62"	1	101150	0.027309	0.021953
"63"	1	106425	-0.10398	-0.12711
"64"	1	108745	0.045395	0.016644
"65"	1	108745	NA	0.013629
"66"	1	110292	-0.07913	-0.03941
"67"	1	112203	NA	-0.21753
"68"	1	118442	0.018673	0.055357
"69"	1	118765	-0.02705	NA
"70"	1	119363	0.112587	-0.03684
"71"	1	119636	0.0147	0.047219
"72"	1	119920	-0.05617	-0.09473
"73"	1	121000	0.023271	0.081729
"74"	1	122021	0.017163	0.0932
"75"	1	123841	0.128374	-0.07358
"76"	1	123880	0.012954	NA
"77"	1	123880	-0.02681	NA
"78"	1	125145	-0.00028	0.032877
"79"	1	129084	-0.01184	-0.04608
"80"	1	131213	0.058913	-0.00252
"81"	1	132147	0.032282	0.104172
"82"	1	132170	0.10056	-0.07396
"83"	1	136791	0.142153	0.068077
"84"	1	136941	0.262504	NA
"85"	1	147953	-0.0489	0.069847
"86"	1	148540	-0.04812	-0.03196
"87"	1	148718	-0.00389	0.026172
"88"	1	151026	0.047613	0.002197
"89"	1	151638	-0.05226	0.043291
"90"	1	156000	0.19298	-0.03229
"91"	1	156276	0.035928	-0.09574
"92"	1	156678	0.099558	0.637827
"93"	1	156894	0.070758	0.514469
"94"	1	157167	-0.02176	0.586579
"95"	1	157548	0.086241	0.574612
"96"	1	159915	0.059642	0.486016
"97"	1	160495	-0.00733	0.48569
"98"	1	161378	0.006002	0.440543
"99"	1	164589	-0.03893	0.321383
"100"	1	166102	-0.0374	0.54201
"101"	1	167481	0.127727	0.578051
"102"	1	172364	-0.01715	0.496034
"103"	1	173389	-0.04157	0.4553
"104"	1	175000	-0.03438	0.597476
"105"	1	175000	0.043413	NA
"106"	1	175835	-0.02106	0.57928
"107"	1	179980	-0.01377	0.387259
"108"	1	185000	-0.00373	0.346849
"109"	1	191000	0.031748	0.531371
"110"	1	193090	-0.01756	0.703231
"111"	1	194307	0.134116	0.638199
"112"	1	194525	0.074466	0.581391
"113"	1	196776	0.055195	0.706151
"114"	1	197175	0.212079	0.647533
"115"	1	197841	0.109432	0.733567
"116"	1	198286	0.048433	NA
"117"	1	199782	0.15288	0.37591
"118"	1	201035	0.090067	0.630318
"119"	1	203525	0.120208	0.576944
"120"	1	203906	-0.00112	0.622442
"121"	1	206000	0.046596	0.474616
"122"	1	206000	-0.02909	0.509632
"123"	1	206873	0.123064	NA
"124"	1	208374	-0.03934	0.584449
"125"	1	209425	-0.05478	0.523455
"126"	1	209867	-0.07598	0.516729
"127"	1	211009	-0.00455	0.483662
"128"	1	211163	0.003484	0.467887
"129"	1	212368	-0.01397	0.447533
"130"	1	213074	-0.01908	0.325083
"131"	1	216153	0.033579	0.773187
"132"	1	218165	-0.07934	NA
"133"	1	220438	0.054599	0.615311
"134"	1	228492	-0.01714	0.564766
"135"	1	230638	0.062351	0.58752
"136"	1	232522	0.03027	0.298978
"137"	1	235000	NA	0.415166
"138"	1	235868	-0.12425	0.49822
"139"	1	236074	0.007088	0.519878
"140"	1	237341	-0.24996	0.397833
"141"	1	237468	-0.0695	0.090946
"142"	1	240000	-0.05489	0.469953
"143"	2	0	-0.01537	-0.06378
"144"	2	5906	0.025547	-0.082
"145"	2	9000	-0.01391	0.07363
"146"	2	9597	-0.01155	0.122591
"147"	2	14809	0.028237	0.049098
"148"	2	15506	-0.02513	0.026406
"149"	2	18169	NA	0.012074
"150"	2	19001	NA	-0.02974
"151"	2	28689	0.058062	0.007366
"152"	2	29000	-0.07041	0.063576
"153"	2	31897	-0.08228	-0.13185
"154"	2	35196	0.029889	-0.17525
"155"	2	37247	0.035007	0.009395
"156"	2	38637	0.050741	-0.02325
"157"	2	45000	-0.01497	0.084107
"158"	2	47379	0.027122	0.066322
"159"	2	47951	0.076119	0.044744
"160"	2	60425	-0.08042	-0.2494
"161"	2	64772	0.07505	0.006637
"162"	2	73904	0.137227	-0.0485
"163"	2	76537	0.025142	0.121032
"164"	2	83078	-0.05889	-0.11639
"165"	2	85979	-0.01606	-0.04975
"166"	2	88378	0.035648	0.112403
"167"	2	89558	-0.01121	0.098043
"168"	2	97000	0.065366	0.029323
"169"	2	106856	0.020566	0.096276
"170"	2	107408	-0.01199	-0.00063
"171"	2	112849	-0.08158	0.021572
"172"	2	120000	0.03111	-0.13447
"173"	2	135555	0.021979	-0.00715
"174"	2	136610	NA	-0.30517
"175"	2	136610	-0.03395	-0.0443
"176"	2	138570	-0.00536	-0.28422
"177"	2	142450	0.229043	0.11033
"178"	2	145137	NA	NA
"179"	2	148050	0.000675	-0.03591
"180"	2	148050	NA	NA
"181"	2	152523	-0.04879	-0.12595
"182"	2	152523	0.031526	0.020105
"183"	2	153416	0.006682	-0.00237
"184"	2	157033	-0.0543	-0.23791
"185"	2	160973	-0.06419	-0.10681
"186"	2	169210	-0.08224	-0.13198
"187"	2	169210	-0.03806	-0.11988
"188"	2	173121	-0.03372	-0.0259
"189"	2	182639	0.010225	0.046033
"190"	2	183417	-0.03156	-0.03407
"191"	2	187218	0.003753	-0.09889
"192"	2	187855	-0.0881	-0.14493
"193"	2	190878	-0.00621	-0.04838
"194"	2	198680	0.072393	-0.05993
"195"	2	198680	-0.13434	-0.11159
"196"	2	203416	0.123135	-0.11173
"197"	2	206432	0.029464	-0.04485
"198"	2	210314	-0.00692	0.063119
"199"	2	212567	-0.04568	0.019249
"200"	2	218783	NA	NA
"201"	2	224174	0.046025	0.045749
"202"	2	227263	0.009455	-0.01589
"203"	2	228708	-0.00476	-0.11924
"204"	2	230615	0.07724	0.094012
"205"	2	231708	0.001559	0.053451
"206"	2	232718	0.002854	-0.03474
"207"	2	239473	0.086867	0.030478
"208"	2	241287	-0.02614	0.042358
"209"	2	241459	-0.03806	0.079796
"210"	2	243800	0.040999	0.098489
"211"	2	244836	0.05534	0.048014
"212"	2	245000	0.272888	0.48957
"213"	3	0	-0.07232	-0.12262
"214"	3	2163	0.008502	-0.15659
"215"	3	4277	-0.08987	-0.17152
"216"	3	4379	0.120815	0.073345
"217"	3	9908	-0.00282	-0.03692
"218"	3	11903	0.142023	0.046808
"219"	3	15223	-0.0476	-0.11451
"220"	3	16286	0.020546	-0.01765
"221"	3	19013	-0.06512	-0.06155
"222"	3	19013	-0.04529	NA
"223"	3	22203	-0.07623	-0.0844
"224"	3	23687	-0.00347	0.005686
"225"	3	24355	-0.02638	0.02026
"226"	3	31186	-0.05622	-0.16771
"227"	3	31702	-0.09982	-0.0315
"228"	3	32552	NA	-0.04008
"229"	3	32872	0.042507	0.04381
"230"	3	37562	-0.0146	-0.08955
"231"	3	38997	0.002882	-0.20127
"232"	3	39768	0.097277	-0.06203
"233"	3	45246	0.118844	-0.01472
"234"	3	46320	0.060052	0.027183
"235"	3	47743	-0.03341	-0.01494
"236"	3	51716	0.058263	0.039131
"237"	3	51760	NA	NA
"238"	3	54305	0.014104	-0.04209
"239"	3	55114	-0.03161	0.076247
"240"	3	56986	-0.06008	0.034742
"241"	3	58278	-0.10343	NA
"242"	3	63322	0.039638	0.044513
"243"	3	64000	-0.05336	-0.01496
"244"	3	64321	NA	NA
"245"	3	65643	-0.03341	-0.11907
"246"	3	65849	NA	NA
"247"	3	66707	0.082645	-0.04875
"248"	3	67000	0.009974	-0.02522
"249"	3	67096	0.04315	-0.06051
"250"	3	68257	-0.05468	-0.01945
"251"	3	70080	0.009481	0.010537
"252"	3	70909	NA	NA
"253"	3	71618	0.012358	-0.01431
"254"	3	71785	-0.04287	0.01584
"255"	3	76349	-0.01689	-0.07029
"256"	3	79740	0.02452	-0.01942
"257"	3	81387	-0.02595	NA
"258"	3	84728	NA	NA
"259"	3	105243	0.189537	-0.06044
"260"	3	106000	NA	NA
"261"	3	111766	-0.04002	-0.17478
"262"	3	115000	0.090435	0.077067
"263"	3	116000	-0.0858	-0.1047
"264"	3	119455	-0.01356	-0.07429
"265"	3	120916	NA	NA
"266"	3	121522	-0.01196	-0.02103
"267"	3	123000	0.10047	NA
"268"	3	125734	-0.13724	-0.14607
"269"	3	126132	-0.06047	-0.13548
"270"	3	126826	NA	NA
"271"	3	129187	-0.05868	0.016817
"272"	3	134588	0.048692	-0.0109
"273"	3	137185	0.024458	0.063721
"274"	3	138649	0.039803	0.030818
"275"	3	146827	-0.00747	-0.10252
"276"	3	147453	0.020318	-0.08601
"277"	3	150022	0.03652	-0.01687
"278"	3	151127	-0.04025	-0.04432
"279"	3	152280	0.046006	-0.03957
"280"	3	155766	0.017784	0.009887
"281"	3	156729	0.023874	-0.08412
"282"	3	158373	-0.14069	-0.23065
"283"	3	162713	0.038996	-0.06581
"284"	3	163928	0.023406	-0.02744
"285"	3	164967	0.072019	-0.03869
"286"	3	165442	-0.07794	-0.14544
"287"	3	176538	0.137627	-0.00712
"288"	3	177000	0.030966	-0.15997
"289"	3	178535	-0.05017	-0.28547
"290"	3	184597	-0.05958	0.056217
"291"	3	186000	-0.05736	0.022662
"292"	3	187782	-0.02132	-0.04623
"293"	3	188146	0.063161	-0.00533
"294"	3	189177	0.062484	-0.02085
"295"	3	189669	0.004485	0.058384
"296"	3	193737	-0.01436	-0.09272
"297"	3	194979	-0.08497	0.009034
"298"	3	194979	NA	-0.17515
"299"	3	194979	0.015382	-0.16458
"300"	3	198456	0.074774	0.067004
"301"	3	200958	0.093892	0.125798
"302"	3	201032	-0.0552	0.09753
"303"	3	204762	0.013428	-0.08971
"304"	3	206003	-0.00496	-0.05009
"305"	3	206630	-0.01545	-0.1068
"306"	3	207439	0.055836	-0.07931
"307"	3	217902	0.102854	0.028218
"308"	3	218000	-0.02509	NA
"309"	4	0	-0.17706	NA
"310"	4	670	-0.09125	0.055037
"311"	4	937	-0.04464	0.042818
"312"	4	1796	-0.10039	0.055497
"313"	4	5000	-0.00208	0.016066
"314"	4	6372	-0.06374	0.078859
"315"	4	6442	0.104225	0.027115
"316"	4	9245	0.087731	NA
"317"	4	11113	-0.04838	0.162715
"318"	4	12650	-0.02635	0.03173
"319"	4	14395	0.026102	0.016801
"320"	4	15439	0.079141	0.059658
"321"	4	22245	0.009137	-0.17153
"322"	4	23000	0.050181	-0.06191
"323"	4	24381	0.200753	-0.14785
"324"	4	24741	-0.21878	-0.02616
"325"	4	28062	-0.04783	-0.07685
"326"	4	28506	-0.0169	-0.04225
"327"	4	30000	0.082039	0.078735
"328"	4	31139	0.177886	NA
"329"	4	31384	0.003448	0.053934
"330"	4	33138	-0.04438	NA
"331"	4	34000	-0.01524	-0.15446
"332"	4	34589	-0.10294	0.080288
"333"	4	35461	-0.01479	-0.155
"334"	4	35676	-0.00218	-0.09902
"335"	4	35676	NA	-0.27047
"336"	4	35743	-0.04118	-0.16979
"337"	4	36700	-0.06835	-0.19586
"338"	4	37300	NA	-0.14142
"339"	4	37795	-0.05493	-0.10577
"340"	4	38563	NA	0.043416
"341"	4	38960	-0.00794	0.007393
"342"	4	43304	-0.04222	-0.08685
"343"	4	44391	0.01798	0.079482
"344"	4	44982	0.104887	0.058177
"345"	4	44982	NA	-0.07065
"346"	4	45336	-0.12183	-0.14154
"347"	4	45924	-0.04318	-0.09275
"348"	4	47062	-0.07193	-0.08609
"349"	4	47062	-0.60593	-0.24233
"350"	4	48000	-0.01228	0.014468
"351"	4	49000	0.013872	-0.03861
"352"	4	49410	-0.04592	0.008677
"353"	4	49411	-0.05008	-0.03975
"354"	4	50135	NA	-0.0565
"355"	4	50500	-0.00288	-0.11499
"356"	4	50838	-0.06512	-0.0885
"357"	4	51152	NA	-0.03743
"358"	4	51758	-0.05584	0.026382
"359"	4	52708	-0.03371	-0.05116
"360"	4	54004	-0.04081	-0.05755
"361"	4	54155	-0.03176	-0.0542
"362"	4	55000	NA	-0.1029
"363"	4	62929	-0.08793	0.017729
"364"	4	63696	0.151375	-0.14518
"365"	4	64466	-0.04131	-0.02928
"366"	4	67000	0.030929	-0.06173
"367"	4	67993	0.044105	-0.11231
"368"	4	68113	0.015974	-0.11581
"369"	4	68113	-0.02583	-0.23138
"370"	4	68113	0.022766	-0.00085
"371"	4	68967	0.225752	-0.14012
"372"	4	69653	NA	NA
"373"	4	69736	0.03731	-0.07783
"374"	4	69736	-0.02938	-0.08664
"375"	4	70609	0.125553	0.00205
"376"	4	70796	-0.06749	-0.06387
"377"	4	71000	0.011709	-0.05565
"378"	4	71686	0.120881	-0.1126
"379"	4	73441	0.092777	-0.06356
"380"	4	74000	0.267233	-0.16123
"381"	4	75389	0.055053	0.025724
"382"	4	76685	-0.02838	-0.08992
"383"	4	77168	-0.02124	0.052307
"384"	4	77765	0.103159	0.013522
"385"	4	78427	-0.05151	0.02661
"386"	4	79070	NA	-0.07185
"387"	4	80562	-0.06999	NA
"388"	4	81279	0.102128	-0.04334
"389"	4	81653	0.018577	0.167317
"390"	4	81842	0.037695	-0.16055
"391"	4	82441	-0.01336	-0.01849
"392"	4	83518	NA	0.113016
"393"	4	84784	-0.11238	-0.09407
"394"	4	84945	0.00063	-0.02801
"395"	4	85847	-0.05908	NA
"396"	4	86078	-0.02452	-0.04169
"397"	4	88652	0.020524	-0.18875
"398"	4	89501	-0.08675	-0.11479
"399"	4	91958	-0.00496	-0.16228
"400"	4	93121	-0.02405	-0.02894
"401"	4	94341	-0.16649	-0.23624
"402"	4	95141	-0.07558	NA
"403"	4	96025	-0.09733	-0.08685
"404"	4	108131	-0.05955	-0.13783
"405"	4	109028	-0.03549	-0.22429
"406"	4	109550	0.042872	-0.03692
"407"	4	114000	-0.02679	-0.08919
"408"	4	117351	-1.04537	-0.05855
"409"	4	117357	0.035889	-0.08018
"410"	4	117690	-0.09895	-0.0049
"411"	4	118174	-0.04724	-0.14296
"412"	4	120000	-0.02454	-0.19105
"413"	4	121000	0.077759	0.007532
"414"	4	121623	-0.0523	0.08523
"415"	4	122370	-0.10775	-0.10761
"416"	4	122614	-0.16651	-0.09175
"417"	4	123190	NA	-0.10932
"418"	4	126444	-0.05297	-0.07171
"419"	4	127644	-0.14948	-0.14542
"420"	4	127958	-0.09155	-0.07845
"421"	4	130000	0.038207	-0.2271
"422"	4	131000	0.093602	-0.24259
"423"	4	133057	NA	-0.24775
"424"	4	133690	-0.10374	-0.11861
"425"	4	134000	0.019922	-0.11601
"426"	4	137023	-0.09874	0.163756
"427"	4	138200	-0.03969	0.022451
"428"	4	138912	NA	0.191737
"429"	4	138912	-0.07596	NA
"430"	4	139758	NA	NA
"431"	4	140953	0.013999	-0.24083
"432"	4	142646	-0.0062	-0.18808
"433"	4	142663	-0.0226	-0.05461
"434"	4	143096	0.010559	0.045812
"435"	4	143096	-0.02549	-0.06057
"436"	4	143226	0.01195	-0.13164
"437"	4	144770	0.034529	-0.07226
"438"	4	145235	-0.02767	0.041124
"439"	4	146582	0.016546	-0.06651
"440"	4	150275	-0.04023	-0.07122
"441"	4	150414	-0.00541	-0.03812
"442"	4	150713	0.038517	0.00546
"443"	4	151106	0.271376	0.130731
"444"	4	152675	0.331911	-0.07861
"445"	4	153167	-0.03025	-0.00778
"446"	4	153500	0.094841	0.013209
"447"	4	154592	0.037569	-0.02392
"448"	4	155000	0.104933	-0.1334
"449"	4	156500	0.083262	0.018909
"450"	4	157000	0.208422	-0.05277
"451"	4	162345	-0.06607	-0.23688
"452"	4	163000	0.01557	-0.1197
"453"	4	163605	-0.18618	-0.18698
"454"	4	164000	-0.06686	-0.1778
"455"	4	164603	-0.00675	-0.09539
"456"	4	164500	-0.08383	-0.16629
"457"	4	165500	0.011128	0.015215
"458"	4	166000	-0.00332	-0.05663
"459"	4	167212	0.006707	-0.23848
"460"	4	168055	0.028273	-0.15434
"461"	4	168055	-0.18135	-0.22245
"462"	4	169000	-0.03927	-0.12577
"463"	4	170170	0.033259	-0.02696
"464"	4	171060	0.006896	-0.23528
"465"	4	171809	-0.04679	-0.11296
"466"	4	172856	0.328943	-0.18926
"467"	4	173000	0.091386	-0.15965
"468"	4	173943	0.32983	-0.205
"469"	4	176000	0.163492	NA
"470"	4	177282	0.070837	-0.94171
"471"	4	177387	0.186966	-0.85575
"472"	4	178400	0.055372	-0.88888
"473"	4	178574	0.114124	-0.88799
"474"	4	179000	NA	NA
"475"	4	179118	0.235458	-0.78802
"476"	4	179200	0.021077	-0.80725
"477"	4	179490	-0.01724	-0.78946
"478"	4	179491	-0.00821	-0.95044
"479"	4	179515	-0.1286	-0.88785
"480"	4	179764	-0.12112	-0.69713
"481"	4	179964	-0.07919	-0.83962
"482"	4	180569	-0.09668	-0.80089
"483"	4	181352	0.108136	-0.80582
"484"	4	181500	-0.01595	-0.77472
"485"	4	182290	-0.02173	-0.80273
"486"	4	182753	-0.02138	-0.84095
"487"	4	183715	-0.08569	NA
"488"	4	184000	0.011702	-0.90163
"489"	5	0	-0.07032	0.171038
"490"	5	1478	0.000542	0.074838
"491"	5	2502	-0.08655	0.016815
"492"	5	3755	0.033156	-0.03184
"493"	5	4489	0.078319	0.06639
"494"	5	4493	0.112924	-0.04735
"495"	5	6161	-0.15195	-0.06377
"496"	5	7307	0.003085	-0.05482
"497"	5	7981	0.103513	-0.03717
"498"	5	9004	0.000573	-0.03894
"499"	5	9483	-0.13102	0.018669
"500"	5	12856	-0.09823	0.015258
"501"	5	13523	-0.04483	-0.06009
"502"	5	16721	0.144695	NA
"503"	5	17348	0.061711	0.000964
"504"	5	18331	-0.04758	-0.07004
"505"	5	18757	-0.0101	0.009272
"506"	5	18757	0.013618	-0.03012
"507"	5	19431	0.009639	0.03313
"508"	5	19536	-0.09129	-0.05149
"509"	5	20278	0.250031	-0.09095
"510"	5	31290	0.102761	0.063187
"511"	5	31756	0.009331	0.058307
"512"	5	33523	0.030707	NA
"513"	5	36000	0.02159	-0.05446
"514"	5	41301	-0.05204	-0.02448
"515"	5	45310	-0.0633	-0.11841
"516"	5	52660	0.013396	-0.04907
"517"	5	53378	-0.0812	0.073864
"518"	5	55235	-0.11202	-0.0417
"519"	5	55761	0.115526	0.032826
"520"	5	56173	0.053082	-0.06885
"521"	5	57760	-0.04825	-0.13168
"522"	5	58495	-0.11788	-0.15959
"523"	5	59803	0.03875	-0.01448
"524"	5	64472	NA	NA
"525"	5	66699	0.025736	-0.19143
"526"	5	67994	0.0792	-0.06155
"527"	5	68199	0.037796	-0.02246
"528"	5	69363	-0.08042	-0.01595
"529"	5	69749	-0.00905	-0.02893
"530"	5	70001	0.014784	-0.04445
"531"	5	70520	-0.11019	0.043036
"532"	5	77125	-0.12227	-0.18044
"533"	5	79167	-0.06907	-0.07282
"534"	5	80689	-0.05685	-0.03583
"535"	5	81832	-0.04339	-0.02435
"536"	5	84635	-0.0182	-0.1095
"537"	5	84851	0.017997	-0.05313
"538"	5	86132	-0.1038	0.003121
"539"	5	89069	-0.0849	NA
"540"	5	93921	-0.08753	0.026897
"541"	5	100229	0.081309	NA
"542"	5	108495	0.122336	0.160714
"543"	5	110674	-0.05821	-0.15715
"544"	5	111974	-0.04098	-0.07932
"545"	5	112375	NA	0.018243
"546"	5	113931	-0.07365	-0.04668
"547"	5	117907	-0.09807	0.040498
"548"	5	118520	-0.01152	-0.07615
"549"	5	118750	0.012713	0.011497
"550"	5	119500	-0.05027	-0.0543
"551"	5	120031	NA	0.108347
"552"	5	122150	NA	0.13552
"553"	5	123820	0.004976	-0.18935
"554"	5	126999	0.091037	0.012218
"555"	5	128751	-0.13991	-0.20975
"556"	5	130231	-0.17181	NA
"557"	5	131287	NA	NA
"558"	5	132700	0.172784	NA
"559"	5	133392	NA	0.139106
"560"	5	134179	0.006276	0.143699
"561"	5	136268	-0.06397	-0.12136
"562"	5	144880	0.278151	0.168493
"563"	5	145459	0.051215	-0.00017
"564"	5	145964	0.002476	0.053405
"565"	5	145964	-0.10542	NA
"566"	5	150640	-0.08684	0.122966
"567"	5	150791	-0.02341	-0.05224
"568"	5	151000	-0.05455	NA
"569"	5	153798	0.008788	0.074942
"570"	5	155000	0.139912	0.062125
"571"	5	162251	-0.01327	0.002923
"572"	5	162251	0.003887	-0.04939
"573"	5	162251	-0.00035	-0.04775
"574"	5	164252	0.149279	0.122516
"575"	5	164821	0.205328	0.133945
"576"	5	165293	NA	0.217731
"577"	5	166548	0.089847	NA
"578"	5	167259	-0.14379	-0.04402
"579"	5	168100	-0.13204	-0.12588
"580"	5	170788	0.003339	-0.0932
"581"	5	171209	-0.07917	-0.12288
"582"	5	173458	0.051817	-0.10169
"583"	5	173552	-0.1133	0.078312
"584"	5	173961	-0.03501	NA
"585"	5	175112	-0.04034	-0.04289
"586"	5	176824	-0.0777	NA
"587"	5	178196	-0.02026	-0.18674
"588"	5	179427	-0.07044	-0.19635
"589"	5	180635	-0.1184	-0.09504
"590"	5	180642	-0.10849	NA
"591"	5	183236	-0.02082	-0.07541
"592"	5	184816	0.071609	-0.01871
"593"	5	185583	-0.00795	NA
"594"	5	186667	0.046859	NA
"595"	5	187974	0.079033	0.23077
"596"	5	188116	0.034356	-0.03033
"597"	5	189860	-0.07618	0.123785
"598"	5	190463	-0.04487	NA
"599"	5	190544	0.108661	0.278687
"600"	5	191090	-0.01482	0.073068
"601"	5	195148	NA	-0.01438
"602"	5	196580	-0.06011	0.10411
"603"	5	197973	-0.09936	0.016653
"604"	5	198500	-0.09577	0.012376
"605"	6	0	-0.05302	-0.00685
"606"	6	4228	-0.04877	-0.01654
"607"	6	5735	-0.03114	0.01238
"608"	6	7165	0.044412	0.064688
"609"	6	7715	-0.00179	0.102012
"610"	6	8000	-0.0201	-0.04469
"611"	6	8313	-0.08023	-0.01707
"612"	6	14401	-0.04032	-0.02434
"613"	6	15547	-0.00473	0.033405
"614"	6	17226	0.00012	0.067632
"615"	6	17610	0.029377	-0.0118
"616"	6	17673	-0.06216	-0.0163
"617"	6	17996	0.003971	-0.07758
"618"	6	19000	0.021999	-0.08754
"619"	6	21837	0.039019	-0.01145
"620"	6	22387	-0.02658	-0.00334
"621"	6	22502	-0.10802	-0.04875
"622"	6	23564	0.060714	0.062719
"623"	6	23974	0.012071	0.096838
"624"	6	25460	-0.02652	0.01805
"625"	6	25762	-0.01952	-0.13776
"626"	6	26109	-0.07289	-0.10411
"627"	6	27027	-0.08724	0.046843
"628"	6	28072	-0.11791	-0.07147
"629"	6	29393	NA	0.22668
"630"	6	34515	0.133977	0.136116
"631"	6	35350	0.038409	NA
"632"	6	42902	0.086123	0.112023
"633"	6	45332	-0.03799	NA
"634"	6	46439	0.068754	NA
"635"	6	46718	0.009238	0.151903
"636"	6	47206	-0.04743	0.036532
"637"	6	47741	0.010065	0.150148
"638"	6	49498	-0.02852	0.123576
"639"	6	49498	0.060032	0.150129
"640"	6	51000	0.020352	-0.03606
"641"	6	51148	0.077045	0.098806
"642"	6	53834	0.03651	0.019423
"643"	6	54633	0.216932	0.100907
"644"	6	54822	0.114913	0.131211
"645"	6	58197	0.033721	0.014571
"646"	6	58527	0.010543	0.003314
"647"	6	60000	-0.03154	-0.13808
"648"	6	63012	-0.04089	-0.15947
"649"	6	65990	-0.0387	0.105665
"650"	6	65990	0.034817	-0.04159
"651"	6	67567	-0.05895	-0.18168
"652"	6	68240	-0.14323	-0.22943
"653"	6	68877	0.007838	-0.03978
"654"	6	71993	-0.0662	-0.18588
"655"	6	74044	-0.18497	-0.1206
"656"	6	74205	0.125008	-0.04844
"657"	6	81744	0.000475	-0.0327
"658"	6	82221	-0.0166	-0.10276
"659"	6	85928	-0.04264	-0.23403
"660"	6	89439	0.066697	0.007139
"661"	6	97623	-0.07378	NA
"662"	6	101914	-0.09961	-0.17061
"663"	6	103277	0.069345	-0.03658
"664"	6	104187	NA	0.178476
"665"	6	110986	-0.13265	-0.01828
"666"	6	111465	0.042523	0.032363
"667"	6	113874	-0.04898	-0.12371
"668"	6	115709	-0.07055	0.00057
"669"	6	118736	-0.02126	-0.0096
"670"	6	123052	-0.0834	NA
"671"	6	123230	-0.01691	NA
"672"	6	125923	0.06719	0.077318
"673"	6	126374	0.07561	0.00408
"674"	6	126901	NA	0.245771
"675"	6	127676	-0.0513	0.014618
"676"	6	129512	-0.02492	-0.1058
"677"	6	133862	-0.02145	-0.07182
"678"	6	135463	-0.08542	-0.24171
"679"	6	139052	0.055175	-0.10139
"680"	6	139346	-0.03134	-0.08634
"681"	6	143303	0.048201	-0.01733
"682"	6	145965	0.015515	0.021338
"683"	6	148166	-0.11422	-0.20267
"684"	6	150175	0.050597	0.079338
"685"	6	151000	0.048129	-0.00552
"686"	6	152190	-0.0348	-0.01327
"687"	6	154694	NA	-0.06957
"688"	6	168216	0.068586	-0.00753
"689"	6	171246	-0.04219	0.008884
"690"	6	175426	0.100243	0.089519
"691"	6	179176	0.217592	-0.11563
"692"	6	187385	-0.12085	-0.01946
"693"	6	188000	-0.01693	0.049152
"694"	7	0	-0.03094	0.032901
"695"	7	2310	-0.03914	0.102176
"696"	7	2687	-0.01339	0.214167
"697"	7	3000	-0.10643	-0.05728
"698"	7	3000	-0.05197	0.063018
"699"	7	3276	0.005766	0.050761
"700"	7	4000	0.019527	0.027106
"701"	7	4525	0.042704	0.009292
"702"	7	4735	0.098788	-0.08398
"703"	7	5492	0.024101	0.013804
"704"	7	5716	-0.04858	0.125002
"705"	7	5765	0.008142	0.01366
"706"	7	6490	NA	NA
"707"	7	6868	NA	0.002032
"708"	7	8528	NA	NA
"709"	7	9623	-0.08797	-0.08943
"710"	7	9696	-0.05288	-0.25417
"711"	7	17000	-0.03609	-0.06162
"712"	7	17181	0.016246	-0.07545
"713"	7	17196	0.111681	-0.00444
"714"	7	18019	0.041377	-0.02059
"715"	7	18570	-0.07251	0.016485
"716"	7	18947	-0.01378	-0.02651
"717"	7	19723	-0.10302	-0.14425
"718"	7	20182	-0.08481	-0.19356
"719"	7	20910	-0.05699	-0.14006
"720"	7	23000	0.084667	0.092528
"721"	7	23348	0.004784	0.022277
"722"	7	23578	0.086567	0.012631
"723"	7	25392	0.044971	-0.00812
"724"	7	27000	0.021085	0.316436
"725"	7	27572	0.086833	-0.03243
"726"	7	28684	0.045757	0.17359
"727"	7	28974	0.05685	-0.02624
"728"	7	30656	-0.00302	0.070934
"729"	7	31000	-0.0353	0.017131
"730"	7	32603	0.012553	0.080448
"731"	7	32934	0.002769	0.077999
"732"	7	33764	-0.06994	-0.0312
"733"	7	34000	-0.06231	0.055579
"734"	7	34138	-0.05692	-0.02949
"735"	7	35832	-0.01675	0.012447
"736"	7	36252	0.100855	-0.01862
"737"	7	36346	0.19413	-0.04012
"738"	7	37000	0.011886	0.014332
"739"	7	38000	NA	0.028915
"740"	7	38319	-0.032	0.04142
"741"	7	39052	NA	0.071973
"742"	7	40025	0.015313	-0.03514
"743"	7	40773	0.24035	0.066573
"744"	7	41592	-0.0247	-0.00399
"745"	7	42488	-0.03035	-0.01188
"746"	7	42560	-0.01474	0.077675
"747"	7	42610	0.008411	0.048439
"748"	7	42911	0.067858	0.09144
"749"	7	44346	-0.01714	0.0757
"750"	7	44700	0.030091	-0.08332
"751"	7	45000	0.017797	0.029908
"752"	7	46235	0.039828	0.103517
"753"	7	46278	-0.06162	-0.04022
"754"	7	46367	-0.05051	-0.04568
"755"	7	47204	0.016378	0.087502
"756"	7	48002	-0.00515	-0.02266
"757"	7	48002	0.000528	-0.01222
"758"	7	48332	-0.03214	0.029489
"759"	7	49224	0.040595	0.029231
"760"	7	50000	0.055089	-0.00731
"761"	7	52172	-0.03478	-0.21551
"762"	7	52172	0.033591	-0.22058
"763"	7	53354	0.038299	0.016141
"764"	7	55000	-0.12387	-0.06398
"765"	7	56058	-0.02463	-0.18464
"766"	7	57472	0.030116	0.075997
"767"	7	57900	0.005835	0.013845
"768"	7	57909	0.096212	0.059077
"769"	7	57971	0.019305	0.364479
"770"	7	57971	0.160713	0.066073
"771"	7	59293	NA	0.222711
"772"	7	60590	-0.08485	-0.05527
"773"	7	61000	-0.08335	-0.0431
"774"	7	63000	-0.04625	0.09964
"775"	7	64000	NA	0.068018
"776"	7	65000	NA	NA
"777"	7	65231	-0.04767	0.137212
"778"	7	65231	-0.06956	0.225879
"779"	7	66000	NA	0.253845
"780"	7	66694	NA	0.225962
"781"	7	67814	0.022064	0.053449
"782"	7	68103	NA	0.180265
"783"	7	69272	-0.01487	-0.07252
"784"	7	69935	0.037114	0.11057
"785"	7	71000	0.150672	-0.02139
"786"	7	71999	-0.04662	0.077625
"787"	7	72163	0.013788	0.019994
"788"	7	73000	-0.01604	0.093531
"789"	7	74000	-0.14074	0.07747
"790"	7	75000	NA	0.093025
"791"	7	75528	0.00436	0.072998
"792"	7	76000	-0.00706	0.059695
"793"	7	76500	-0.04991	0.02
"794"	7	76577	-0.07886	-0.033
"795"	7	77000	0.01426	-0.1134
"796"	7	77700	NA	NA
"797"	7	78000	-0.03237	NA
"798"	7	78537	-0.03089	-0.05427
"799"	7	79000	-0.0141	0.192761
"800"	7	79973	NA	-0.03836
"801"	7	80865	-0.04973	-0.16997
"802"	7	82458	0.014992	-0.01907
"803"	7	83473	0.063282	NA
"804"	7	84490	0.090887	0.060551
"805"	7	84490	0.14126	NA
"806"	7	84490	-0.03548	-0.01373
"807"	7	85169	-0.01393	0.005479
"808"	7	87347	0.177317	0.014477
"809"	7	88000	0.078492	-0.00091
"810"	7	88606	-0.0581	0.012831
"811"	7	88730	-0.01125	-0.1455
"812"	7	88876	-0.03068	-3e-05
"813"	7	89576	-0.02981	NA
"814"	7	92561	0.261737	0.170342
"815"	7	93299	-0.07053	0.04337
"816"	7	94488	-0.01953	-0.06797
"817"	7	96000	0.014052	0.155938
"818"	7	96198	-0.05091	0.165731
"819"	7	97000	NA	NA
"820"	7	97500	-0.02246	0.161004
"821"	7	98229	-0.03642	0.050436
"822"	7	98929	-0.03157	0.102529
"823"	7	100383	-0.09879	0.166815
"824"	7	103640	-0.18729	-0.02616
"825"	7	103790	-0.0146	NA
"826"	7	106315	-0.04661	0.008315
"827"	7	106546	-0.06076	-0.06441
"828"	7	106756	0.030415	0.010171
"829"	7	107107	0.045201	0.028741
"830"	7	107771	0.029347	-0.11115
"831"	7	108392	-0.10504	-0.11572
"832"	7	111763	-0.04788	-0.02748
"833"	7	111828	-0.04345	-0.03833
"834"	7	112763	0.112994	-0.0102
"835"	7	115128	0.017222	-0.00562
"836"	7	115449	NA	NA
"837"	7	116097	-0.2422	0.07988
"838"	7	116388	0.065575	0.003174
"839"	7	116770	0.015406	-0.01973
"840"	7	117000	0.006374	0.067233
"841"	7	117133	-0.01882	-0.0104
"842"	7	117161	-0.00623	0.04152
"843"	7	117740	-0.0169	0.032703
"844"	7	118162	-0.01648	0.017608
"845"	7	120413	-0.1504	-0.22306
"846"	7	122000	0.000182	NA
"847"	7	122188	-0.15024	0.046512
"848"	7	122258	NA	NA
"849"	7	122741	-0.08209	-0.01173
"850"	7	124000	-0.04355	-0.07885
"851"	7	125000	NA	-0.16259
"852"	7	125448	NA	NA
"853"	7	127550	-0.06022	0.077817
"854"	7	127874	-0.00557	0.135571
"855"	7	127991	0.072606	0.028982
"856"	7	129396	0.041366	0.072575
"857"	7	130216	-0.01873	0.148944
"858"	7	131000	0.024115	0.038007
"859"	7	133512	0.053568	0.149683
"860"	7	135039	0.016083	NA
"861"	7	137263	0.021144	0.063531
"862"	7	138863	-0.03611	NA
"863"	7	140393	-0.05185	-0.1889
"864"	7	140573	NA	-0.07485
"865"	7	141000	-0.0412	NA
"866"	7	141183	-0.05186	0.075155
"867"	7	141183	0.068587	0.018634
"868"	7	141417	-0.01099	0.069489
"869"	7	142000	-0.00187	-0.03841
"870"	7	142000	-0.00376	0.056384
"871"	7	142107	-0.1552	-0.05536
"872"	7	142121	NA	-0.1067
"873"	7	142258	-0.04954	0.066244
"874"	7	143909	-0.09556	0.049714
"875"	7	145000	NA	NA
"876"	7	147701	-0.11867	-0.27716
"877"	7	148213	NA	0.166508
"878"	7	149547	-0.01124	NA
"879"	7	151000	0.166969	-0.07968
"880"	7	152527	NA	-0.20558
"881"	7	153024	0.17909	0.017021
"882"	7	153183	0.135658	0.026493
"883"	7	155591	NA	0.072996
"884"	7	156233	0.084672	0.063182
"885"	7	156300	0.155607	0.207602
"886"	7	156786	-0.12967	-0.0087
"887"	7	159346	-0.01755	0.010162
"888"	7	159500	-0.05111	0.106454
"889"	7	161494	-0.20251	-0.08351
"890"	7	161500	-0.02293	0.034498
"891"	8	0	-0.05974	0.098489
"892"	8	0	-0.08678	0.069885
"893"	8	1000	0.049993	0.071627
"894"	8	1949	0.068367	0.009818
"895"	8	2258	-0.05887	-0.06582
"896"	8	2856	-0.01691	-0.14164
"897"	8	3527	-0.03968	-0.06134
"898"	8	3569	-0.03984	-0.03586
"899"	8	4600	-0.04618	-0.04068
"900"	8	8634	0.057202	0.020861
"901"	8	8713	0.052358	0.163352
"902"	8	9373	0.056801	-0.05489
"903"	8	9700	0.057101	0.009023
"904"	8	10336	-0.06893	-0.05432
"905"	8	10535	-0.0548	0.023049
"906"	8	11052	-0.02595	-0.05566
"907"	8	11254	0.0686	-0.07695
"908"	8	11600	-0.00068	0.074906
"909"	8	11959	0.025059	0.068829
"910"	8	12400	0.005019	-0.13008
"911"	8	12500	-0.02057	-0.09448
"912"	8	13167	-0.00462	-0.03324
"913"	8	13267	0.020551	0.041641
"914"	8	16300	0.001182	-0.12092
"915"	8	16314	0.005407	NA
"916"	8	16816	NA	NA
"917"	8	17993	0.042205	0.08306
"918"	8	17993	0.004764	0.074449
"919"	8	20884	-0.0167	0.092969
"920"	8	21222	-0.01924	-0.03625
"921"	8	21275	-0.06328	-0.012
"922"	8	21998	0.024284	0.027918
"923"	8	22889	-0.07321	NA
"924"	8	23170	0.002415	0.144636
"925"	8	33872	0.05716	0.159005
"926"	8	34131	-0.00839	-0.027
"927"	8	34535	0.043344	0.043396
"928"	8	34535	-0.03441	0.103789
"929"	8	34614	-0.11616	-0.03083
"930"	8	36163	-0.03712	0.031415
"931"	8	36438	-0.09008	NA
"932"	8	36565	0.013271	-0.01524
"933"	8	37120	-0.01181	0.01463
"934"	8	37358	0.013795	-0.03957
"935"	8	37494	-0.06185	0.053189
"936"	8	38510	-0.07528	0.06729
"937"	8	39391	NA	-0.03624
"938"	8	40136	-0.04336	NA
"939"	8	40211	0.015121	0.063547
"940"	8	40500	0.081499	-0.08598
"941"	8	41000	0.043887	0.039743
"942"	8	41655	-0.00838	0.000674
"943"	8	41933	0.002498	-0.04449
"944"	8	43232	0.006338	-0.26347
"945"	8	43284	-0.02228	-0.03818
"946"	8	44372	-0.09586	-0.07056
"947"	8	46616	-0.01947	-0.14077
"948"	8	46798	0.165605	-0.17797
"949"	8	47866	0.062238	-0.04584
"950"	8	50513	0.016052	-0.04924
"951"	8	50515	-1.34758	0
"952"	8	50528	-0.09057	-0.01631
"953"	8	52662	-0.06418	-0.0632
"954"	8	53200	-0.09236	-0.10794
"955"	8	53600	-0.03623	0.011287
"956"	8	53626	-0.13176	NA
"957"	8	54000	NA	-0.12107
"958"	8	54540	-0.03246	0.078536
"959"	8	55800	-0.07094	-0.14525
"960"	8	57000	-0.06949	-0.1134
"961"	8	58000	0.012916	-0.00238
"962"	8	58300	0.078555	-0.07553
"963"	8	58300	0.04002	-0.0868
"964"	8	59880	-0.00779	-0.33579
"965"	8	59880	-0.00141	-0.14722
"966"	8	60800	NA	-0.17516
"967"	8	60800	-0.06663	-0.08095
"968"	8	61244	0.138409	-0.10064
"969"	8	61244	0.14206	-0.00748
"970"	8	61744	0.012246	0.015167
"971"	8	61744	0.039761	-0.01735
"972"	8	61898	-0.01647	0.036953
"973"	8	61898	-0.00793	-0.03042
"974"	8	62671	0.06168	-0.04919
"975"	8	62671	NA	NA
"976"	8	63738	-0.01046	-0.15491
"977"	8	63738	-0.01223	-0.10379
"978"	8	63980	0.1036	-0.11656
"979"	8	63980	0.062467	-0.11373
"980"	8	65902	-0.03215	0.090204
"981"	8	65965	-0.11242	-0.0657
"982"	8	69000	0.060465	-0.06171
"983"	8	69732	0.142714	-0.19361
"984"	8	72987	-0.00448	-0.06342
"985"	8	73429	NA	-0.10446
"986"	8	75500	0.159629	-0.10873
"987"	8	76300	-0.00367	0.036146
"988"	8	76507	-0.02918	-0.03347
"989"	8	79436	-0.0242	-0.18402
"990"	8	83046	0.141462	-0.18323
"991"	8	83674	0.093645	-0.00139
"992"	8	84403	-0.06876	-0.14089
"993"	8	84555	-0.08023	-0.10574
"994"	8	84563	0.075083	-0.13479
"995"	8	85000	-0.08507	-0.06399
"996"	8	86296	-0.02029	-0.12139
"997"	8	87775	NA	-0.20246
"998"	8	89969	0.017734	-0.22548
"999"	8	91000	NA	NA
"1000"	8	91573	-0.00219	-0.00555
"1001"	8	92300	-0.07573	-0.12445
"1002"	8	92523	-0.00329	-0.08278
"1003"	8	92829	NA	NA
"1004"	8	92900	0.057268	NA
"1005"	8	93160	0.002573	0.045284
"1006"	8	94810	0.025893	-0.051
"1007"	8	95000	0.045764	-0.0766
"1008"	8	95100	0.000954	-0.21133
"1009"	8	99764	-0.05734	-0.01062
"1010"	8	99811	0.040493	0.012155
"1011"	8	99811	0.042779	-0.05619
"1012"	8	99983	-0.0918	-0.1674
"1013"	8	100226	-0.03102	-0.11351
"1014"	8	100534	-0.09384	-0.11436
"1015"	8	107253	0.063918	0.013947
"1016"	8	107253	-0.10098	-0.08539
"1017"	8	107286	0.015743	0.051372
"1018"	8	107526	0.001409	-0.01655
"1019"	8	107600	0.007424	0.145226
"1020"	8	113047	-0.02078	0.011349
"1021"	8	122871	0.160567	-0.06738
"1022"	8	124312	-0.02466	-0.08141
"1023"	8	124312	0.01154	-0.01579
"1024"	8	126803	-0.0451	-0.07511
"1025"	8	129424	-0.06173	-0.00529
"1026"	8	129424	NA	-0.01757
"1027"	8	130202	-0.02466	-0.00658
"1028"	8	130569	-0.05943	0.044744
"1029"	8	130569	-0.01748	0.089009
"1030"	8	131171	0.028125	-0.21293
"1031"	8	131417	-0.06031	-0.0272
"1032"	8	132000	0.026883	0.12666
"1033"	8	132300	-0.04679	0.025311
"1034"	8	133000	-0.07085	0.048487
"1035"	8	133000	NA	NA
"1036"	8	133000	0.045346	-0.01419
"1037"	8	135133	-0.09892	-0.01852
"1038"	8	136497	-0.06603	0.068835
"1039"	8	137852	-0.01519	0.060664
"1040"	8	137852	-0.00783	0.05063
"1041"	8	138290	0.009353	-0.00855
"1042"	8	139363	-0.00942	0.062185
"1043"	8	139500	-0.00109	0.081147
"1044"	8	139731	-0.01596	-0.0237
"1045"	8	142713	-0.04191	0.069248
"1046"	8	143000	-0.05689	0.064867
"1047"	8	143040	0.194277	-0.00745
"1048"	8	144000	0.066073	0.158917
"1049"	8	144281	0.111744	-0.08033
"1050"	8	146000	-0.00535	-0.13112
"1051"	8	146287	0.035687	0.093493
"1052"	8	146319	NA	0.028484
"1053"	8	147000	0.031121	-0.01255
"1054"	9	0	-0.08517	NA
"1055"	9	1367	-0.0278	-0.15703
"1056"	9	2646	-0.04965	-0.01828
"1057"	9	4000	NA	-0.02169
"1058"	9	4624	-0.00156	-0.01725
"1059"	9	4992	-0.03449	0.008204
"1060"	9	5278	-0.04631	-0.13336
"1061"	9	5937	-0.02992	-0.08492
"1062"	9	6112	-0.098	-0.00654
"1063"	9	8638	0.050162	-0.21676
"1064"	9	9916	-0.123	-0.15884
"1065"	9	10959	-0.09592	-0.1753
"1066"	9	11054	-0.08673	-0.08089
"1067"	9	12251	-0.15379	-0.20566
"1068"	9	12420	-0.15738	-0.30266
"1069"	9	13775	-0.08797	-0.02889
"1070"	9	14049	-0.06985	-0.29845
"1071"	9	15347	0.072856	0.030509
"1072"	9	17146	0.224188	NA
"1073"	9	17229	-0.10927	0.090996
"1074"	9	19057	0.015708	0.009506
"1075"	9	20945	0.075227	-0.05707
"1076"	9	23383	-0.04987	0.05711
"1077"	9	24325	-0.12065	-0.28336
"1078"	9	26000	-0.05407	-0.23303
"1079"	9	26763	-0.02982	-0.16078
"1080"	9	28363	0.03338	-0.06615
"1081"	9	30000	-0.00963	-0.03053
"1082"	9	32444	-0.12829	-0.16646
"1083"	9	33000	-0.16428	-0.17603
"1084"	9	33135	-0.04005	-0.14097
"1085"	9	33857	0.001387	-0.06813
"1086"	9	34522	0.054933	0.051409
"1087"	9	36000	0.169481	-0.01345
"1088"	9	36442	0.021206	0.048284
"1089"	9	36686	-0.02963	NA
"1090"	9	36955	0.002677	0.006766
"1091"	9	37843	0.044124	0.123257
"1092"	9	38223	-0.08223	-0.1358
"1093"	9	38223	-0.04744	0.028438
"1094"	9	39000	0.073428	0.217628
"1095"	9	40368	0.075072	0.125929
"1096"	9	45533	-0.05894	-0.04401
"1097"	9	45723	-0.04925	0.017586
"1098"	9	46503	-0.02381	0.046794
"1099"	9	47000	0.010498	-0.06003
"1100"	9	47863	-0.04727	-0.06028
"1101"	9	49716	0.03034	-0.07533
"1102"	9	52048	-0.0916	-0.05529
"1103"	9	52358	0.017195	-0.04921
"1104"	9	53373	-0.02022	-0.14909
"1105"	9	54000	-0.04129	0.045746
"1106"	9	54568	-0.02811	-0.0044
"1107"	9	56914	-0.01118	-0.09761
"1108"	9	59578	NA	NA
"1109"	9	59801	-0.0487	-0.05938
"1110"	9	60055	-0.08786	-0.18843
"1111"	9	60640	-0.03984	-0.06484
"1112"	9	60790	-0.06262	-0.0437
"1113"	9	62151	-0.03223	-0.15877
"1114"	9	63081	-0.03394	-0.12758
"1115"	9	64575	-0.03445	-0.05089
"1116"	9	65000	-0.06733	0.046318
"1117"	9	65850	-0.01796	0.044246
"1118"	9	65901	-0.07531	0.01157
"1119"	9	67188	-0.01894	0.072451
"1120"	9	68521	-0.14041	-0.00401
"1121"	9	69000	-0.0565	-0.0618
"1122"	9	69267	0.07425	-0.09749
"1123"	9	69782	0.00478	-0.01032
"1124"	9	72000	-0.0493	-0.04303
"1125"	9	73185	-0.03823	-0.07705
"1126"	9	74000	-0.02654	0.00105
"1127"	9	75243	0.007716	0.047521
"1128"	9	75732	-0.06885	0.096605
"1129"	9	75732	-0.06393	0.142972
"1130"	9	75732	0.01727	0.114382
"1131"	9	76899	-0.07821	0.077027
"1132"	9	77080	NA	0.074833
"1133"	9	77807	-0.0193	0.085435
"1134"	9	78039	-0.0253	-0.10875
"1135"	9	78810	-0.04243	-0.14382
"1136"	9	78921	-0.04689	-0.10927
"1137"	9	82000	0.133926	-0.12651
"1138"	9	82446	-0.01079	-0.08916
"1139"	9	83000	0.094298	-0.04888
"1140"	9	85000	0.050925	0.088121
"1141"	9	86707	-0.01757	-0.08909
"1142"	9	86922	-0.01653	0.007053
"1143"	9	87118	0.005836	-0.06243
"1144"	9	89729	0.035425	0.050682
"1145"	9	90068	0.013979	-0.08382
"1146"	9	90891	0.031371	-0.02539
"1147"	9	91364	-0.08682	0.054555
"1148"	9	92823	0.026222	0.059279
"1149"	9	93000	-0.23268	-0.07679
"1150"	9	93748	-0.02711	0.087475
"1151"	9	93980	0.042709	0.052854
"1152"	9	94181	-0.02852	NA
"1153"	9	94358	-0.05212	NA
"1154"	9	96265	-0.07118	-0.04183
"1155"	9	97069	0.006189	NA
"1156"	9	97869	-0.07024	-0.02971
"1157"	9	98257	0.185029	-0.03255
"1158"	9	99760	0.000541	-0.03216
"1159"	9	104161	0.027006	0.130059
"1160"	9	104320	0.024209	-0.02077
"1161"	9	109612	-0.08177	0.093945
"1162"	9	109709	-0.00026	0.15568
"1163"	9	111600	-0.19983	0.068724
"1164"	9	111693	-0.06157	0.023108
"1165"	9	112876	0.050915	-0.02627
"1166"	9	114680	0.057277	0.007817
"1167"	9	115000	0.032159	0.136972
"1168"	10	0	0.00448	0.096224
"1169"	10	100	-0.02077	0.149659
"1170"	10	190	-0.04767	0.026945
"1171"	10	1489	-0.03155	0.073426
"1172"	10	1600	0.032935	0.095124
"1173"	10	1991	-0.02289	-0.06481
"1174"	10	3707	0.040582	-0.15559
"1175"	10	4392	-0.05599	-0.07771
"1176"	10	6021	-0.07892	0.018038
"1177"	10	6550	0.02613	-0.01193
"1178"	10	6787	-0.06319	-0.03681
"1179"	10	7529	-0.04323	-0.01702
"1180"	10	8254	0.029292	0.04328
"1181"	10	8354	0.062289	0.006972
"1182"	10	8354	0.030338	0.080007
"1183"	10	8422	0.082614	0.159164
"1184"	10	9125	0.002929	0.1952
"1185"	10	12369	-0.02425	0.051066
"1186"	10	14350	-0.02231	NA
"1187"	10	14544	0.080065	-0.08179
"1188"	10	15126	0	0.042935
"1189"	10	16561	-0.00645	-0.03261
"1190"	10	19540	-0.05452	-0.05969
"1191"	10	21826	-0.06046	-0.06212
"1192"	10	22000	-0.01031	0.025708
"1193"	10	23011	0.084321	-0.16502
"1194"	10	23153	-0.07645	-0.10715
"1195"	10	23421	-0.11717	-0.04664
"1196"	10	23512	NA	-0.10864
"1197"	10	23771	-0.06657	-0.11933
"1198"	10	24252	-0.06267	0.020977
"1199"	10	24252	-0.08025	-0.07794
"1200"	10	24314	0.015539	-0.04786
"1201"	10	25372	-0.00391	-0.06202
"1202"	10	26509	0.056744	0.053539
"1203"	10	26536	0.049897	-0.05495
"1204"	10	27000	-0.07639	-0.14936
"1205"	10	28064	-0.08987	-0.07231
"1206"	10	29925	NA	NA
"1207"	10	31308	-0.07098	0.332523
"1208"	10	32687	-0.01241	0.012854
"1209"	10	35439	NA	-0.10285
"1210"	10	36686	-0.04222	-0.09441
"1211"	10	43314	0.071639	0.067776
"1212"	10	43529	-0.04877	0.01448
"1213"	10	43864	-0.00241	0.119901
"1214"	10	47803	-0.00348	0.048582
"1215"	10	49954	0.050519	-0.0295
"1216"	10	50248	-0.02036	-0.12457
"1217"	10	51022	-0.04439	-0.11717
"1218"	10	51646	-0.09705	-0.10573
"1219"	10	52546	-0.07902	-0.12735
"1220"	10	58794	NA	-0.10018
"1221"	10	59553	-0.08842	-0.11049
"1222"	10	61565	0.01507	0.032512
"1223"	10	63522	-0.04096	-0.03504
"1224"	10	64187	0.056606	-0.07063
"1225"	10	65000	0.257289	-0.29185
"1226"	10	66905	0.402965	-0.11034
"1227"	10	68379	NA	-0.15821
"1228"	10	69209	0.405909	-0.12939
"1229"	10	69549	0.337268	-0.00015
"1230"	10	70547	0.52345	NA
"1231"	10	70957	0.528232	0.071459
"1232"	10	71592	0.545595	0.112136
"1233"	10	71718	0.47813	0.117694
"1234"	10	72037	0.460734	0.069258
"1235"	10	72446	0.640815	-0.04887
"1236"	10	72613	0.563669	0.122392
"1237"	10	73067	0.478315	0.007542
"1238"	10	73970	0.491777	0.138182
"1239"	10	74000	0.409655	0.015361
"1240"	10	74318	0.426993	-0.08062
"1241"	10	75902	0.629927	-0.14001
"1242"	10	76813	0.45009	-0.04421
"1243"	10	77725	NA	0.0321
"1244"	10	79354	0.483359	0.04308
"1245"	10	79419	0.609826	0.071511
"1246"	10	79726	0.613925	0.102606
"1247"	10	80275	0.660521	0.088959
"1248"	10	81189	0.521663	0.082907
"1249"	10	83753	0.499077	0.081552
"1250"	10	87222	NA	NA
"1251"	10	91199	0.613365	-0.15317
"1252"	10	91199	0.462171	-0.00328
"1253"	10	91517	0.536517	-0.0069
"1254"	10	94000	0.427178	NA
"1255"	10	94408	NA	NA
"1256"	10	99593	0.48717	0.046628
"1257"	10	100322	0.481739	0.049972
"1258"	10	101762	0.418615	0.034524
"1259"	10	102131	0.522966	0.097035
"1260"	10	102878	0.519888	0.14486
"1261"	10	103869	0.537838	-0.04445
"1262"	10	104000	0.419849	0.060841
"1263"	10	104252	0.5851	-0.10545
"1264"	10	104361	0.408302	0.01789
"1265"	10	105371	0.516274	0.152554
"1266"	10	105905	0.55795	0.000922
"1267"	10	106431	NA	-0.04498
"1268"	10	108607	0.56282	-0.00944
"1269"	10	108903	0.649376	0.019116
"1270"	10	110000	0.382297	NA
"1271"	10	110412	0.026173	0.045573
"1272"	10	111648	0.088045	-0.10253
"1273"	10	112363	-0.0058	-0.06956
"1274"	10	112504	-0.05336	-0.07829
"1275"	10	115074	0.088079	-0.10404
"1276"	10	115621	0.025762	0.009893
"1277"	10	116000	-0.04414	NA
"1278"	10	116996	0.037502	-0.05887
"1279"	10	117000	0.071216	0.069281
"1280"	10	118500	0.115454	0.039349
"1281"	10	120000	-0.04054	0.07587
"1282"	10	125697	0.064686	0.190158
"1283"	10	125880	-0.06005	0.093258
"1284"	10	126000	-0.06056	0.036272
"1285"	10	127478	-0.02477	0.142542
"1286"	10	128617	0.059458	0.094072
"1287"	10	128690	0.037852	0.038688
"1288"	10	129000	NA	0.244221
"1289"	10	129680	-0.11537	NA
"1290"	10	130367	-0.02806	0.234435
"1291"	10	130925	-0.07018	0.102529
"1292"	10	131000	-0.05065	0.145142
"1293"	10	132349	-0.0293	0.212237
"1294"	10	133790	-0.05902	0.018615
"1295"	10	134059	0.082584	0.048797
"1296"	10	134350	0.011711	NA
"1297"	10	134350	-0.06003	0.046073
"1298"	10	135096	NA	0.360699
"1299"	10	135363	0.018853	0.106452
"1300"	10	135611	-0.12009	0.079866
"1301"	10	139324	-0.10627	0.110418
"1302"	10	140000	-0.03482	0.099208
"1303"	10	141000	0.020969	0.076686
"1304"	10	142000	-0.02725	-0.02616
"1305"	11	0	0.063259	0.073241
"1306"	11	1000	-0.06377	0.030022
"1307"	11	1000	-0.09902	NA
"1308"	11	1541	0.000801	0.186487
"1309"	11	2430	NA	-0.07238
"1310"	11	2920	0.043347	-0.12685
"1311"	11	4276	-0.07152	-0.07261
"1312"	11	4415	-0.05468	NA
"1313"	11	5197	0.013853	0.02496
"1314"	11	6000	0.052681	0.023324
"1315"	11	6532	NA	-0.0851
"1316"	11	7000	-0.06469	-0.05526
"1317"	11	7500	0.026382	0.100077
"1318"	11	8034	-0.0319	0.000474
"1319"	11	10000	0.008985	-0.00067
"1320"	11	10612	0.038406	0.082751
"1321"	11	11000	0.053541	-0.09199
"1322"	11	11000	0.04573	0.080988
"1323"	11	11643	-0.04437	0.034273
"1324"	11	11643	0.047223	0.010644
"1325"	11	12671	0.029507	0.082605
"1326"	11	12671	0.154647	0.005982
"1327"	11	13646	-0.02866	-0.02137
"1328"	11	14200	-0.04068	NA
"1329"	11	14440	0.082984	0.044799
"1330"	11	15042	-0.04775	-0.00197
"1331"	11	15079	0.010288	-0.01835
"1332"	11	15436	0.036348	-0.05369
"1333"	11	17392	-0.05933	-0.04823
"1334"	11	18000	0.093288	0.085196
"1335"	11	18789	0.021819	-0.0495
"1336"	11	19633	0.042106	0.090828
"1337"	11	19801	0.004137	0.077789
"1338"	11	20031	0.057866	0.111134
"1339"	11	20541	0.061857	0.095168
"1340"	11	20607	-0.03348	NA
"1341"	11	20719	0.100931	-0.07329
"1342"	11	23609	-0.02915	-0.04376
"1343"	11	25000	-0.11858	-0.18802
"1344"	11	25617	-0.14338	-0.17712
"1345"	11	26841	0.013447	-0.03167
"1346"	11	27330	0.029901	-0.08597
"1347"	11	27344	0.068473	-0.06712
"1348"	11	30254	-0.01425	NA
"1349"	11	31000	-0.00709	-0.19746
"1350"	11	31000	-0.06668	-0.09586
"1351"	11	32000	0.209802	-0.26308
"1352"	11	32299	0.052766	-0.09137
"1353"	11	32299	0.129806	-0.16319
"1354"	11	33075	-0.10711	-0.16127
"1355"	11	33075	-0.08919	-0.16416
"1356"	11	34420	0.149555	0.086337
"1357"	11	34420	0.08766	-0.02613
"1358"	11	35416	-0.70188	0.041911
"1359"	11	35416	-0.76382	0.032317
"1360"	11	35914	-0.82389	0.124952
"1361"	11	35914	-0.72206	-0.016
"1362"	11	37088	-0.60606	-0.01966
"1363"	11	37088	-0.6707	-0.02314
"1364"	11	37443	-0.26197	NA
"1365"	11	37885	-0.65016	-0.01146
"1366"	11	38842	-0.59905	-0.10494
"1367"	11	38993	-0.7867	0.031127
"1368"	11	39279	-0.70461	-0.00745
"1369"	11	39286	-0.841	0.014457
"1370"	11	39389	-0.50159	0.000318
"1371"	11	39623	-0.29816	-0.13494
"1372"	11	39623	-0.83457	-0.05332
"1373"	11	43357	-0.08792	-0.0791
"1374"	11	43460	-0.02613	-0.21841
"1375"	11	44181	-0.06332	-0.17724
"1376"	11	44685	-0.08121	-0.18043
"1377"	11	44927	NA	-0.12874
"1378"	11	46795	-0.02291	-0.05625
"1379"	11	47000	0.115277	0.033429
"1380"	11	47437	0.192761	0.101181
"1381"	11	47800	0.062675	0.035993
"1382"	11	47874	0.084961	-0.1372
"1383"	11	48011	0.084258	0.046514
"1384"	11	48923	-0.02848	0.039322
"1385"	11	49500	-0.02767	-0.04128
"1386"	11	50000	-0.01008	0.021656
"1387"	11	51012	0.106734	0.060781
"1388"	11	51012	0.093907	-0.06502
"1389"	11	51200	0.098171	-0.18028
"1390"	11	51381	0.017304	-0.11024
"1391"	11	55221	0.014482	-0.12646
"1392"	11	55443	0.098801	0.016305
"1393"	11	56434	0.164865	-0.12249
"1394"	11	57819	-0.10762	0.089001
"1395"	11	58419	0.054634	-0.07341
"1396"	11	58733	0.095414	0.063274
"1397"	11	58813	0.092451	0.005787
"1398"	11	59502	-0.04162	-0.03027
"1399"	11	63595	-0.01412	0.043808
"1400"	11	63610	-0.03787	-0.06385
"1401"	11	64970	-0.00389	0.01689
"1402"	11	66174	-0.01759	0.12919
"1403"	11	66620	-0.06818	0.104632
"1404"	11	67175	-0.01508	0.065627
"1405"	11	67664	0.18811	0.113315
"1406"	11	68473	0.027135	0.009618
"1407"	11	69067	0.02366	0.166224
"1408"	11	69592	-0.04036	0.066781
"1409"	11	70583	-0.02182	0.056121
"1410"	11	70646	-0.12754	0.003783
"1411"	11	70646	-0.07293	0.001513
"1412"	11	71567	0.097579	0.078896
"1413"	11	72176	0.037907	-0.01397
"1414"	11	72300	0.00816	0.171068
"1415"	11	72400	0.068543	0.115253
"1416"	11	72500	-0.03232	0.09523
"1417"	11	72500	0.177528	-0.05041
"1418"	11	72600	-0.05687	0.086931
"1419"	11	72700	-0.01618	0.066077
"1420"	11	72800	-0.03115	-0.03043
"1421"	11	73159	NA	0.104797
"1422"	11	73279	-0.06239	NA
"1423"	11	75343	0.052957	0.092714
"1424"	11	75861	0.023279	0.056126
"1425"	11	76626	0.022237	-0.02327
"1426"	11	76848	-0.14381	NA
"1427"	11	77250	0.04463	0.043981
"1428"	11	78965	0.095999	0.056695
"1429"	11	79250	-0.04417	0.045586
"1430"	11	79364	0.083232	0.02325
"1431"	11	79963	0.1252	0.053712
"1432"	11	80434	-0.01637	0.171496
"1433"	11	80434	-0.04286	0.12927
"1434"	11	81775	-0.0738	0.092427
"1435"	11	82032	-0.08897	-0.05232
"1436"	11	83201	0.104419	-0.0119
"1437"	11	83949	-0.01249	NA
"1438"	11	87857	0.134628	-0.14503
"1439"	11	88571	0.03594	-0.1787
"1440"	11	88758	0.114554	-0.07112
"1441"	11	88781	-0.03916	-0.17547
"1442"	11	91282	0.088803	-0.00936
"1443"	11	91362	-0.00283	-0.0456
"1444"	11	91444	-0.14795	-0.26419
"1445"	11	93103	0.024307	-0.10776
"1446"	11	101096	0.022187	0.004528
"1447"	11	101377	-0.05009	0.027487
"1448"	11	101560	-0.04579	-0.0519
"1449"	11	106551	-0.02984	-0.184
"1450"	11	108676	-0.08171	-0.15435
"1451"	11	110126	0.007488	-0.0865
"1452"	11	110746	0.067919	-0.01217
"1453"	11	110873	-0.02721	0.059059
"1454"	11	111150	0.00201	-0.19383
"1455"	11	111611	-0.02551	0.034982
"1456"	11	111857	0.144501	-0.09317
"1457"	11	113637	0.009069	-0.2297
"1458"	11	113845	-0.06901	-0.27146
"1459"	11	113850	-0.04776	-0.19904
"1460"	11	114678	-0.03252	-0.15453
"1461"	11	114915	-0.09697	-0.09626
"1462"	11	117617	-0.01411	-0.14472
"1463"	11	117817	-0.11536	-0.15242
"1464"	11	117817	-0.12939	-0.0937
"1465"	11	120000	0.061232	-0.11347
"1466"	11	121617	0.037475	0.06249
"1467"	11	122025	0.019875	0.019943
"1468"	11	122345	0.073359	0.08869
"1469"	11	123568	-0.02623	0.091553
"1470"	11	123723	0.007971	0.042091
"1471"	11	124905	0.10547	0.041592
"1472"	11	125056	-0.00691	-0.01589
"1473"	11	128440	0.013524	0.029236
"1474"	11	128865	0.110814	0.095647
"1475"	11	129748	-0.06587	0.029763
"1476"	11	130220	0.018837	0.081075
"1477"	11	131306	0.092188	0.099057
"1478"	11	131671	0.16221	0.107816
"1479"	11	131866	0.083796	0.150405
"1480"	11	132351	0.06737	0.099842
"1481"	11	133013	0.111017	0.062198
"1482"	11	133195	0.016741	0.019926
"1483"	11	134603	0.11057	0.138976
"1484"	11	134633	0.014006	0.052806
"1485"	11	134710	0.067415	-0.0489
"1486"	11	137900	0.083962	0.120296
"1487"	11	138294	0.061502	-0.02729
"1488"	11	138375	-0.00111	0.023953
"1489"	11	139686	0.020506	0.027567
"1490"	11	140000	0.046176	0.100136
"1491"	11	142667	0.015965	0.009546
"1492"	11	144114	0.012605	0.078126
"1493"	11	145000	0.005139	0.054733
"1494"	12	0	0.057221	0.2261
"1495"	12	316	-0.03495	0.01854
"1496"	12	3442	0.041958	0.197969
"1497"	12	4558	0.014261	0.084872
"1498"	12	5000	-0.05029	0.048178
"1499"	12	5000	0.069539	-0.06906
"1500"	12	5500	-0.00192	0.081573
"1501"	12	6110	0.076203	0.033455
"1502"	12	14317	-0.1864	0.186892
"1503"	12	15101	0.083945	-0.01228
"1504"	12	16049	-0.00014	-0.01861
"1505"	12	17000	0.036845	NA
"1506"	12	17250	0.014452	-0.05527
"1507"	12	19795	0.059865	-0.05049
"1508"	12	19805	0.026902	-0.03241
"1509"	12	23141	-0.0247	-0.06175
"1510"	12	26470	0.025547	-0.07434
"1511"	12	27000	0.127138	-0.17558
"1512"	12	27272	-0.04087	NA
"1513"	12	28319	0.077566	0.001886
"1514"	12	31997	-0.01319	-0.00704
"1515"	12	32946	0.105219	0.048786
"1516"	12	33330	0.058896	0.003022
"1517"	12	34313	-0.05731	-0.12399
"1518"	12	36000	0.031212	-0.05103
"1519"	12	40408	0.047577	-0.04536
"1520"	12	43910	0.149002	0.044922
"1521"	12	50000	-0.0264	-0.0592
"1522"	12	50845	0.025125	0.124472
"1523"	12	52000	-0.00026	-0.03331
"1524"	12	52964	-0.11081	0.035635
"1525"	12	53924	0.041286	0.099383
"1526"	12	54000	0.018199	0.113088
"1527"	12	54217	0.006539	0.102417
"1528"	12	55000	0.019608	-0.06136
"1529"	12	56000	0.076083	NA
"1530"	12	60940	0.073262	-0.06857
"1531"	12	62064	0.003858	0.121432
"1532"	12	64000	-0.07727	NA
"1533"	12	65254	0.025175	-0.12403
"1534"	12	65927	0.079649	0.049881
"1535"	12	66323	0.106989	0.02644
"1536"	12	66395	0.02194	-0.03047
"1537"	12	67434	0.011734	0.029684
"1538"	12	68000	0.189913	-0.03131
"1539"	12	68961	0.060925	-0.04472
"1540"	12	69512	-0.04154	0.102064
"1541"	12	70219	-0.09287	0.017271
"1542"	12	70846	-0.00432	NA
"1543"	12	72240	0.079063	0.032669
"1544"	12	73034	-0.10973	0.092734
"1545"	12	73044	-0.0458	-0.03768
"1546"	12	75106	0.130471	-0.04581
"1547"	12	80000	-0.0125	-0.11256
"1548"	12	81936	0.072697	0.023203
"1549"	12	84484	0.046579	-0.11345
"1550"	12	86783	-0.00026	-0.11773
"1551"	12	93915	0.075934	-0.09979
"1552"	12	94805	NA	NA
"1553"	12	96435	-0.01947	-0.133
"1554"	12	97059	0.054994	0.040379
"1555"	12	97300	0.012173	0.030343
"1556"	12	97509	0.092858	0.098358
"1557"	12	99178	0.004087	0.062955
"1558"	12	99370	-0.05967	-0.04731
"1559"	12	100030	0.196312	-0.05527
"1560"	12	100038	-0.01324	0.031486
"1561"	12	100701	-0.03696	-0.05608
"1562"	12	100926	-0.04934	0.07256
"1563"	12	102483	NA	NA
"1564"	12	103626	-0.02749	-0.00633
"1565"	12	106040	0.053382	0.010511
"1566"	12	106934	-0.03558	-0.02045
"1567"	12	108135	-0.03057	-0.11626
"1568"	12	110043	0.039138	0.075337
"1569"	12	110366	-0.05632	0.023039
"1570"	12	111000	-0.00402	-0.05855
"1571"	12	111076	-0.13122	0.048591
"1572"	12	112000	0.061176	0.028475
"1573"	12	112060	0.012812	0.059914
"1574"	12	112582	-0.07505	0.005468
"1575"	12	112847	0.125963	0.012435
"1576"	12	112922	0.075092	0.051386
"1577"	12	117257	NA	NA
"1578"	12	117357	0.017595	-0.05118
"1579"	12	118000	-0.07695	-0.12527
"1580"	12	118722	0.003462	0.066785
"1581"	12	118982	-0.02237	NA
"1582"	12	122050	0.074493	-0.03262
"1583"	12	123405	0.036754	0.053949
"1584"	12	136177	0.016163	0.13438
"1585"	12	139226	0.032199	0.050998
"1586"	12	140000	0.125611	0.128007
"1587"	12	140687	0.174189	0.059264
"1588"	12	141086	0.068101	0.105887
"1589"	12	141551	0.03399	0.095849
"1590"	12	142000	-0.09448	-0.15585
"1591"	13	3426	0.050252	NA
"1592"	13	5654	-0.03359	-0.01258
"1593"	13	7204	0.000919	-0.09969
"1594"	13	7516	-0.05673	0.000907
"1595"	13	9803	-0.01557	0.016342
"1596"	13	12841	0.016614	NA
"1597"	13	14984	-0.01757	-0.01295
"1598"	13	17000	-0.03832	-0.04275
"1599"	13	22365	0.042453	-0.10515
"1600"	13	23545	-0.03819	NA
"1601"	13	24261	-0.12868	NA
"1602"	13	25000	-0.03176	-0.11291
"1603"	13	25562	0.012897	-0.04317
"1604"	13	25965	-0.06383	0.047747
"1605"	13	26301	-0.04473	0.026637
"1606"	13	28326	0.026535	-0.03506
"1607"	13	28469	-0.00986	-0.05132
"1608"	13	33006	0.143726	-0.0756
"1609"	13	34449	-0.04827	NA
"1610"	13	35367	-0.09212	-0.18143
"1611"	13	35392	-0.01262	-0.14927
"1612"	13	35826	-0.10427	-0.08841
"1613"	13	38931	-0.02166	-0.16027
"1614"	13	40246	-0.06222	0.024414
"1615"	13	40646	NA	NA
"1616"	13	57577	-0.04826	-0.08353
"1617"	13	57679	-0.06699	-0.1701
"1618"	13	57801	-0.11325	-0.1724
"1619"	13	58000	NA	0.022429
"1620"	13	58465	-0.11538	-0.07195
"1621"	13	58700	-0.08897	-0.13209
"1622"	13	58948	NA	0.027778
"1623"	13	59056	-0.05934	-0.01543
"1624"	13	60000	-0.12857	-0.01909
"1625"	13	62709	0.027848	-0.07147
"1626"	13	63651	-0.00112	-0.16301
"1627"	13	64245	-0.02609	NA
"1628"	13	68000	-0.07968	NA
"1629"	13	73000	-0.35124	-0.18187
"1630"	13	75661	-0.08382	NA
"1631"	13	78470	-0.03902	NA
"1632"	13	80646	-0.02968	0.014471
"1633"	13	81209	-0.04351	-0.05634
"1634"	13	82062	0.020321	NA
"1635"	13	84000	NA	NA
"1636"	13	86135	-9e-04	0.02981
"1637"	13	86403	-0.01372	0.08487
"1638"	13	86869	0.049719	0.055696
"1639"	13	88893	-0.01346	NA
"1640"	13	89000	0.035311	0.008036
"1641"	13	90030	-0.00664	0.004879
"1642"	13	91532	-0.00901	-0.16092
"1643"	13	92644	-0.05272	-0.02409
"1644"	13	93655	-0.09803	-0.05529
"1645"	13	95500	0.013569	-0.07335
"1646"	13	96108	0.02486	-0.01816
"1647"	13	97356	0.006676	0.011418
"1648"	13	98409	-0.00246	0.002358
"1649"	13	99000	-0.0674	NA
"1650"	13	100376	-0.06308	0.13489
"1651"	13	100500	0.031386	-0.0303
"1652"	14	770	-0.03522	-0.01333
"1653"	14	874	-0.05228	0.020388
"1654"	14	1070	0.024592	NA
"1655"	14	2999	-0.04131	0.023044
"1656"	14	3292	0.003966	NA
"1657"	14	3335	NA	NA
"1658"	14	3353	0.066782	0.072964
"1659"	14	4262	0.121408	0.264587
"1660"	14	5740	0.021176	-0.04331
"1661"	14	6649	0.030119	-0.15664
"1662"	14	7244	-0.08841	-0.19403
"1663"	14	9655	-0.04574	-0.27697
"1664"	14	11545	-0.02829	-0.0748
"1665"	14	12257	0.062734	-0.00808
"1666"	14	14455	-0.07577	-0.17477
"1667"	14	14875	-0.1158	-0.11227
"1668"	14	15290	-0.09936	-0.0846
"1669"	14	21000	0.092041	-0.00379
"1670"	14	21563	-0.12236	-0.19818
"1671"	14	22837	NA	NA
"1672"	14	29942	-0.05274	-0.16625
"1673"	14	31036	-0.07523	-0.22931
"1674"	14	32971	0.062763	0.003744
"1675"	14	33911	0.020567	0.005212
"1676"	14	34816	-0.00112	-0.06003
"1677"	14	35380	-0.13171	-0.12144
"1678"	14	35700	0.000131	0.027504
"1679"	14	36094	-0.10325	-0.14391
"1680"	14	36991	-0.05737	-0.04625
"1681"	14	37500	-0.02297	0.021601
"1682"	14	37971	0.001795	-0.18755
"1683"	14	38717	-0.00951	-0.0272
"1684"	14	40183	0.00875	-0.07792
"1685"	14	40288	0.048469	-0.0785
"1686"	14	41082	-0.01432	-0.06399
"1687"	14	41321	-0.10943	NA
"1688"	14	42902	0.078317	0.056812
"1689"	14	47506	0.187012	-0.03317
"1690"	14	48476	0.036909	-0.14403
"1691"	14	49083	0.17475	0.056855
"1692"	14	49083	-0.02625	-0.06707
"1693"	14	50126	-0.01931	0.074648
"1694"	14	50297	0.056029	-0.0426
"1695"	14	53579	-0.12694	NA
"1696"	14	53913	-0.00396	0.296473
"1697"	14	53941	-0.03548	-0.02233
"1698"	14	55601	0.01263	0.132884
"1699"	14	55736	0.24537	0.017235
"1700"	14	56563	-0.04727	0.100391
"1701"	14	60293	-0.06989	0.011352
"1702"	14	62917	0.013937	-0.00999
"1703"	14	64953	0.045702	0.063035
"1704"	14	66231	0.005952	0.032441
"1705"	14	67277	0.200317	-0.07063
"1706"	14	71000	0.066854	0.063208
"1707"	14	75000	-0.07498	-0.04121
"1708"	14	76000	-0.02606	-0.04419
"1709"	14	78861	0.086416	0.067937
"1710"	14	80287	0.051313	0.020947
"1711"	14	80615	0.029435	0.02698
"1712"	14	81123	0.017401	0.10305
"1713"	14	81858	0.084479	-0.03037
"1714"	14	82134	0.318049	0.131141
"1715"	14	83000	0.178944	0.117314
"1716"	14	84159	0.04879	0.067276
"1717"	14	84233	0.059037	0.046891
"1718"	14	84757	0.109641	-0.00568
"1719"	14	86143	0.024269	0.098227
"1720"	14	86400	0.014566	-0.09032
"1721"	14	90010	0.033022	0.027099
"1722"	14	90309	-0.01115	0.098307
"1723"	14	91712	0.063365	0.078132
"1724"	14	93218	0.058488	0.035108
"1725"	14	94257	0.136986	0.177091
"1726"	14	94292	0.208685	0.099206
"1727"	14	94306	0.010059	-0.01062
"1728"	14	96128	-0.02077	-0.00941
"1729"	14	97000	-0.02941	-0.3539
"1730"	15	0	0.337831	0.046932
"1731"	15	3854	NA	-0.13376
"1732"	15	4051	0.166755	NA
"1733"	15	5000	0.031456	0.07805
"1734"	15	5100	-0.08663	-0.02871
"1735"	15	5100	0.012338	-0.03522
"1736"	15	5212	-0.06191	0.02729
"1737"	15	6993	NA	NA
"1738"	15	10253	0.348829	0.061818
"1739"	15	10687	0.278865	-0.22364
"1740"	15	11213	0.00795	NA
"1741"	15	11669	0.000368	0.023947
"1742"	15	12847	-0.00642	NA
"1743"	15	16573	-0.12998	-0.19021
"1744"	15	19016	0.217062	-0.12394
"1745"	15	19218	0.00035	0.135714
"1746"	15	21791	-0.00751	-0.0049
"1747"	15	21993	0.009389	-0.00913
"1748"	15	22385	-0.08466	-0.00131
"1749"	15	25615	0.183332	NA
"1750"	15	28997	-0.02269	0.008676
"1751"	15	29204	-0.02374	-0.07419
"1752"	15	30641	-0.00621	0.061885
"1753"	15	31310	-0.05707	-0.18916
"1754"	15	32943	-0.03643	0.138106
"1755"	15	34064	0.053149	0.00719
"1756"	15	34129	0.051729	-0.02928
"1757"	15	35000	0.067784	0.100521
"1758"	15	35484	-0.00713	0.026924
"1759"	15	35488	0.112779	0.014092
"1760"	15	35601	0.000303	0.003768
"1761"	15	36000	NA	0.180104
"1762"	15	36007	-0.04819	0.030638
"1763"	15	36786	0.134566	0.166848
"1764"	15	37032	0.016699	-0.02684
"1765"	15	41000	-0.19285	0.016359
"1766"	15	41907	-0.03831	-0.07162
"1767"	15	42515	-0.06507	NA
"1768"	15	43343	-0.07976	-0.12057
"1769"	15	44854	0.097812	0.244219
"1770"	15	45000	-0.0244	-0.01655
"1771"	15	45015	-0.02678	0.045036
"1772"	15	45749	-0.03699	0.071992
"1773"	15	46389	-0.02704	0.054359
"1774"	15	47975	NA	0.012369
"1775"	15	48521	-0.06882	0.06683
"1776"	15	49436	0.070725	0.106913
"1777"	15	50973	-0.02666	-0.08753
"1778"	15	51079	0.082882	0.069983
"1779"	15	52434	NA	-0.11435
"1780"	15	53181	0.108839	0.198328
"1781"	15	54267	-0.08542	0.062982
"1782"	15	57693	-0.01261	0.073132
"1783"	15	57734	0.019708	0.137253
"1784"	15	58067	-0.02315	0.129631
"1785"	15	59243	-0.04987	-0.03762
"1786"	15	60000	0.115633	-0.02901
"1787"	15	62699	0.052546	0.013505
"1788"	15	63049	0.069392	0.029934
"1789"	15	64126	-0.05878	-0.00658
"1790"	15	64204	-0.00676	-0.00685
"1791"	15	64732	0.112589	0.108187
"1792"	15	66610	-0.06884	-0.14664
"1793"	15	67000	-0.06797	-0.03283
"1794"	15	70846	-0.11217	0.046012
"1795"	15	70883	-0.01227	0.043718
"1796"	15	73000	-0.06534	-0.08802
"1797"	15	74172	-0.01421	-0.04062
"1798"	15	77252	-0.05669	NA
"1799"	15	78124	NA	-0.17321
"1800"	15	78665	-0.05403	0.033449
"1801"	15	79000	0.000557	0.053812
"1802"	16	0	0.009656	-0.00395
"1803"	16	6021	0.005216	-0.03204
"1804"	16	9257	-0.05845	0.026478
"1805"	16	11000	-0.03397	-0.01943
"1806"	16	12160	-0.01352	-0.0167
"1807"	16	16230	-0.09065	NA
"1808"	16	18000	-0.10199	-0.02101
"1809"	16	18938	-0.03628	0.064219
"1810"	16	19478	-0.01286	0.084979
"1811"	16	20472	-0.02659	0.099969
"1812"	16	21290	0.029308	0.031284
"1813"	16	24969	0.024229	0.081214
"1814"	16	27091	-0.04785	-0.04088
"1815"	16	27108	0.072595	-0.06103
"1816"	16	28000	0.16139	0.002959
"1817"	16	29000	NA	NA
"1818"	16	32801	-0.051	-0.00712
"1819"	16	33693	-0.01989	0.043686
"1820"	16	36000	0.035329	0.004542
"1821"	16	38000	0.033638	0.031075
"1822"	16	40000	NA	NA
"1823"	16	40500	-0.05029	-0.15743
"1824"	16	40751	0.060257	-0.03733
"1825"	16	41802	0.065087	0.014888
"1826"	16	43188	0.052412	-0.03812
"1827"	16	43620	0.169619	-0.0445
"1828"	16	46151	-0.03839	0.01666
"1829"	16	47000	0.066574	0.169238
"1830"	16	47174	0.106817	0.13762
"1831"	16	47636	0.017833	-0.0034
"1832"	16	51600	0.044162	NA
"1833"	16	51600	0.12542	0.025994
"1834"	16	52093	0.051262	-0.06034
"1835"	16	53000	-0.04877	-0.1546
"1836"	16	54000	0.142959	-0.21642
"1837"	16	54374	0.020047	-0.11409
"1838"	16	55905	0.020193	-0.18686
"1839"	16	57000	-0.01027	-0.01415
"1840"	16	59000	-0.00357	0.052099
"1841"	16	59928	0.044903	0.043599
"1842"	16	60000	0.012539	-0.01846
"1843"	16	61697	0.077451	0.055338
"1844"	16	63000	0.153878	0.015969
"1845"	16	63259	-0.01241	0.009625
"1846"	16	63655	-0.01382	0.183154
"1847"	16	63900	0.004135	-0.15755
"1848"	16	65000	-0.02597	0.062545
"1849"	16	67000	-0.01915	-0.0268
"1850"	16	67952	-0.03459	-0.05642
"1851"	16	68085	0.080517	-0.05599
"1852"	16	69000	-0.14253	0.172851
"1853"	16	70274	0.038087	0.036247
"1854"	16	72000	-0.03634	0.000139
"1855"	16	74511	0.304321	-0.14689
"1856"	16	75118	-0.06451	-0.05233
"1857"	16	77091	0.081752	-0.03357
"1858"	16	77110	0.031062	-0.04512
"1859"	16	78890	0.077221	0.043163
"1860"	16	79280	NA	NA
"1861"	16	80863	0.082697	0.118948
"1862"	16	80868	0.137621	0.026525
"1863"	16	81270	0.052744	0.160183
"1864"	16	81658	-0.0273	0.071797
"1865"	16	81855	-0.00837	-0.02863
"1866"	16	81913	0.125018	0.085306
"1867"	16	82543	0.186642	0.198169
"1868"	16	83000	0.035792	0.170234
"1869"	16	83836	-0.01488	-0.00983
"1870"	16	84000	-0.0154	0.062283
"1871"	17	0	0.069762	0.00473
"1872"	17	89	-0.16934	0.06535
"1873"	17	306	0.243372	0.125118
"1874"	17	649	-0.02119	0.025901
"1875"	17	1008	0.036699	0.105724
"1876"	17	1674	-0.12534	0.043494
"1877"	17	1854	0.139533	-0.15365
"1878"	17	1876	0.051692	0.021146
"1879"	17	1876	-0.0284	NA
"1880"	17	1876	NA	NA
"1881"	17	1876	-0.09941	-0.0372
"1882"	17	1876	-0.05423	-0.05473
"1883"	17	1876	0.080631	-0.019
"1884"	17	1905	-0.11465	0.05545
"1885"	17	2059	-0.0223	0.123796
"1886"	17	2967	0.081702	0.017272
"1887"	17	6141	0.038572	0.03587
"1888"	17	6141	-0.10483	-0.0816
"1889"	17	6723	0.134895	0.016998
"1890"	17	7400	-0.04123	0.095379
"1891"	17	7454	0.150874	0.076061
"1892"	17	7541	-0.02012	0.154793
"1893"	17	8314	0.007975	0.039638
"1894"	17	8352	0.262289	0.036119
"1895"	17	8797	0.018159	0.10636
"1896"	17	9907	-0.07357	0.027327
"1897"	17	14590	0.134546	-0.01023
"1898"	17	15549	0.047486	0.045893
"1899"	17	16407	-0.00961	0.001272
"1900"	17	20000	0.050922	-0.00295
"1901"	17	21402	0.129903	0.382043
"1902"	17	25000	-0.00259	0.04424
"1903"	17	26698	0.03894	0.01589
"1904"	17	27214	0.072843	-0.03432
"1905"	17	27640	-0.01286	0.103384
"1906"	17	29010	0.070823	0.084929
"1907"	17	34639	0.134408	-0.22122
"1908"	17	35439	0.112386	0.023849
"1909"	17	35518	0.120168	-0.00781
"1910"	17	39084	NA	0.088275
"1911"	17	39726	0.03343	NA
"1912"	17	39726	-0.02812	0.082332
"1913"	17	40289	0.0096	0.042593
"1914"	17	40368	-0.00362	0.081263
"1915"	17	40420	0.212264	-0.06801
"1916"	17	40446	0.03485	0.07905
"1917"	17	40467	0.136452	0.078536
"1918"	17	40473	0.112943	-0.00081
"1919"	17	41459	-0.03241	0.025835
"1920"	17	41729	-0.05761	0.008288
"1921"	17	44000	NA	0.032361
"1922"	17	45000	-0.04661	-0.18489
"1923"	17	46000	0.025001	-0.13884
"1924"	17	46245	-0.41825	0.084653
"1925"	17	46765	0.207917	0.006257
"1926"	17	48088	-0.03504	0.339264
"1927"	17	49059	0.086269	0.003326
"1928"	17	49285	0.067399	-0.00811
"1929"	17	50000	-0.00857	0.096533
"1930"	17	50231	0.111546	0.198727
"1931"	17	51711	0.030773	0.041759
"1932"	17	52738	0.188825	-0.03166
"1933"	17	52805	0.009274	-0.18031
"1934"	17	52805	0.12395	-0.23949
"1935"	17	53201	-0.03326	-0.23123
"1936"	17	56191	0.037369	-0.0852
"1937"	17	56276	NA	0.1513
"1938"	17	56313	0.174214	0.101803
"1939"	17	58122	0.111436	0.027626
"1940"	17	60000	0.25143	-0.08564
"1941"	17	61052	0.17091	-0.03176
"1942"	17	61699	0.022589	0.04343
"1943"	17	62000	0.122762	0.125333
"1944"	17	68061	0.03875	0.087333
"1945"	17	69892	0.207727	0.066795
"1946"	17	71419	-0.06673	-0.11088
"1947"	17	73705	-0.01668	-0.09639
"1948"	17	73705	-0.00834	NA
"1949"	17	75513	0.065369	0.02238
"1950"	17	76151	0.150398	0.074701
"1951"	17	76585	0.090253	0.086796
"1952"	17	77488	0.144712	-0.01221
"1953"	17	78000	0.289287	-0.08501
"1954"	17	78294	0.128912	NA
"1955"	17	79066	0.011496	-0.14888
"1956"	17	79762	0.107063	0.045017
"1957"	17	79838	-0.06595	0.077947
"1958"	17	81700	-0.09302	0.027239
"1959"	17	82000	0.255011	0.152411
"1960"	17	82400	0.108028	0.124988
"1961"	17	82502	0.272084	0.187609
"1962"	17	83857	-0.02765	NA
"1963"	17	83857	NA	0.074705
"1964"	17	84000	-0.02536	0.023984
"1965"	17	85000	0.044132	-0.10179
"1966"	17	86000	0.03809	0.017072
"1967"	18	0	-0.0088	-0.00566
"1968"	18	754	0.027653	0.009622
"1969"	18	829	-0.01717	NA
"1970"	18	2739	-0.0154	0.083347
"1971"	18	3712	-0.08267	-0.00146
"1972"	18	4528	0.08801	0.091088
"1973"	18	4640	0.027796	0.155247
"1974"	18	5000	-0.02928	0.124709
"1975"	18	7033	0.070146	-0.2504
"1976"	18	8604	-0.06408	0.100115
"1977"	18	11434	-0.04044	0.049683
"1978"	18	13312	0.081245	NA
"1979"	18	13335	0.027645	0.112352
"1980"	18	13581	NA	NA
"1981"	18	13771	-0.03688	0.154252
"1982"	18	14087	-0.04503	0.024613
"1983"	18	15184	NA	NA
"1984"	18	16248	-0.00708	0.093508
"1985"	18	16589	0.041876	0.100113
"1986"	18	17037	0.042316	0.146231
"1987"	18	19141	0.123242	-0.00797
"1988"	18	21941	-0.15905	-0.05361
"1989"	18	22769	-0.02419	0.16333
"1990"	18	26873	-0.02505	-0.02783
"1991"	18	32399	0.032784	0.015947
"1992"	18	35122	0.006442	0.046675
"1993"	18	36931	0.029516	-0.03362
"1994"	18	38296	0.127641	0.028894
"1995"	18	41303	-0.08804	-0.16351
"1996"	18	48110	0.03239	0.175773
"1997"	18	50123	-0.03392	-0.08044
"1998"	18	51809	-0.02945	0.146299
"1999"	18	53631	0.005451	0.095094
"2000"	18	54578	-0.07467	-0.02138
"2001"	18	54598	0.021633	-0.01684
"2002"	18	57063	0.087238	-0.19775
"2003"	18	57063	-0.03757	-0.13793
"2004"	18	60096	0.019687	0.115171
"2005"	18	61039	NA	0.064458
"2006"	18	63175	-0.04888	-0.09505
"2007"	18	63175	-0.06024	-0.00375
"2008"	18	63286	0.056501	0.008004
"2009"	18	64507	0.036351	0.036854
"2010"	18	65838	-0.07019	NA
"2011"	18	66608	-0.02868	0.062298
"2012"	18	69284	0.166469	-0.15448
"2013"	18	70529	-0.10277	-0.233
"2014"	18	73531	-0.06067	0.015287
"2015"	18	73927	-0.02017	-0.07342
"2016"	18	74439	-0.02838	NA
"2017"	18	75922	0.188245	-0.16656
"2018"	18	79657	-0.00163	0.10266
"2019"	18	82534	-0.04491	0.110345
"2020"	18	82906	-0.01993	0.096737
"2021"	18	85710	-0.00632	0.217908
"2022"	18	86000	0.06876	-0.06552
"2023"	19	0	0.099297	0.045827
"2024"	19	10	0.126951	0.072679
"2025"	19	500	-0.14643	0.047873
"2026"	19	767	-0.0355	0.156919
"2027"	19	9507	-0.07021	0.226645
"2028"	19	13071	-0.08248	-0.11665
"2029"	19	13400	-0.07374	0.047173
"2030"	19	15278	-0.03318	0.131007
"2031"	19	16924	-0.05027	0.004454
"2032"	19	16924	-0.1223	0.090225
"2033"	19	20379	-0.12642	0.096803
"2034"	19	21203	-0.02727	0.124812
"2035"	19	25000	0.05808	-0.08673
"2036"	19	27000	-0.08992	0.04539
"2037"	19	30264	-0.05466	0.037892
"2038"	19	30444	-0.00315	0.1589
"2039"	19	30935	-0.00201	0.021505
"2040"	19	34169	-0.04738	-0.0205
"2041"	19	39052	NA	0.114458
"2042"	19	41652	NA	-0.00621
"2043"	19	44000	0.014876	0.234081
"2044"	19	44825	0.056653	0.001758
"2045"	19	46000	0.016595	0.059435
"2046"	19	47000	-0.01983	NA
"2047"	19	47457	-0.03414	0.055237
"2048"	19	47711	-0.02817	0.179088
"2049"	19	49399	0.037593	0.051983
"2050"	19	49456	-0.01175	0.033289
"2051"	19	50395	-0.0188	NA
"2052"	19	51703	-0.06938	0.257187
"2053"	19	51703	-0.05207	0.168668
"2054"	19	55000	-0.01537	0.102312
"2055"	19	55500	-0.10482	0.137069
"2056"	19	56000	0.075283	0.12725
"2057"	19	56840	-0.00942	-0.04008
"2058"	19	59705	-0.02083	0.007319
"2059"	19	65145	-0.08681	0.145346
"2060"	19	68853	-0.09892	-0.07729
"2061"	19	70000	0.035733	-0.05199
"2062"	20	0	0.053188	0.083196
"2063"	20	508	NA	0.045394
"2064"	20	336	0.020122	0.075344
"2065"	20	1245	NA	NA
"2066"	20	2161	0.155599	-0.00747
"2067"	20	2649	-0.06174	0.067915
"2068"	20	3316	-0.0439	0.071188
"2069"	20	4065	NA	-0.02488
"2070"	20	4065	0.078358	0.06034
"2071"	20	4364	-0.06611	0.076567
"2072"	20	5202	0.235597	0.039817
"2073"	20	5501	-0.29752	-0.01484
"2074"	20	5510	-0.07136	-0.0855
"2075"	20	6454	-0.08651	NA
"2076"	20	8000	-0.05948	-0.01146
"2077"	20	8016	0.128624	-0.01751
"2078"	20	8016	0.133137	0.001704
"2079"	20	8063	0.000745	0.096569
"2080"	20	10858	0.029032	0.003194
"2081"	20	11930	0.037235	0.024928
"2082"	20	12210	0.138177	-0.17097
"2083"	20	12277	-0.04094	0.000464
"2084"	20	12906	-0.01442	0.025862
"2085"	20	12986	0.017554	0.087689
"2086"	20	13388	-0.02148	-0.12832
"2087"	20	13388	0.041809	-0.1773
"2088"	20	17720	-0.02181	NA
"2089"	20	19295	NA	NA
"2090"	20	19611	NA	0.18888
"2091"	20	19671	-0.02764	-0.12201
"2092"	20	20909	NA	-0.02695
"2093"	20	21888	0.047419	-0.00184
"2094"	20	22219	0.028006	0.162191
"2095"	20	22778	-0.03944	-0.00765
"2096"	20	26818	NA	NA
"2097"	20	28788	0.028588	0.107908
"2098"	20	29487	-0.0184	-0.011
"2099"	20	29943	-0.06525	0.017723
"2100"	20	30748	-0.07541	0.009394
"2101"	20	30863	0.010892	0.093413
"2102"	20	32620	-0.0103	0.003028
"2103"	20	32946	0.162067	0.026824
"2104"	20	32948	0.035031	0.09016
"2105"	20	33333	-0.11515	-0.06655
"2106"	20	38000	-0.01927	0.035891
"2107"	20	39094	0.13012	0.214702
"2108"	20	45000	0.077843	0.217329
"2109"	20	45011	-0.17002	0.101032
"2110"	20	45261	NA	NA
"2111"	20	45722	NA	0.172146
"2112"	20	46880	0.22253	-0.00221
"2113"	20	47000	-0.0145	-0.07415
"2114"	20	47494	0.012646	0.093191
"2115"	20	47553	0.040319	0.075207
"2116"	20	47676	-0.02018	NA
"2117"	20	47944	0.065993	0.056794
"2118"	20	48827	0.056438	0.053641
"2119"	20	48955	-0.06252	-0.00015
"2120"	20	49713	0.010705	0.050747
"2121"	20	50593	0.07285	0.181003
"2122"	20	51193	-0.02894	0.094107
"2123"	20	51440	-0.05203	-0.01389
"2124"	20	51595	0.010981	0.054016
"2125"	20	54156	0.174318	0.054518
"2126"	20	55000	0.070608	0.220009
"2127"	20	55061	-0.02312	0.030498
"2128"	20	55186	0.10664	0.190544
"2129"	20	55209	-0.08167	-0.03942
"2130"	20	55565	0.080398	0.016455
"2131"	20	56548	-0.02463	0.149816
"2132"	20	56548	-0.02765	0.0927
"2133"	20	56873	0.0105	-0.23444
"2134"	20	58297	0.040625	0.092779
"2135"	20	58722	-0.0739	0.082343
"2136"	20	58722	-0.03023	0.081873
"2137"	20	58744	-0.02335	0.054913
"2138"	20	59151	-0.05821	0.114618
"2139"	20	60190	0.092871	NA
"2140"	20	60758	0.092011	0.0926
"2141"	20	61516	0.028889	0.007722
"2142"	20	61871	0.007771	0.052004
"2143"	20	62411	-0.03765	-0.04469
"2144"	20	62835	-0.03025	0.008242
"2145"	20	62835	0.074398	0.067869
"2146"	20	63162	0.08374	0.004472
"2147"	20	63325	-0.00494	-0.03689
"2148"	20	63325	0.310642	0.225221
"2149"	20	65253	0.039456	-0.08125
"2150"	20	66064	-0.10348	-0.11837
"2151"	20	66064	-0.09231	-0.10193
"2152"	20	65886	-0.00943	-0.02768
"2153"	20	66895	0.082455	0.020808
"2154"	20	67166	-0.02468	-0.01069
"2155"	20	69633	-0.02184	0.310161
"2156"	20	70647	NA	0.117174
"2157"	20	72000	-0.08878	-0.14056
"2158"	20	73000	0.002036	0.128147
"2159"	21	3131	-0.08963	-0.1419
"2160"	21	3131	0.042549	-0.14087
"2161"	21	4675	0.04565	-0.26474
"2162"	21	6268	0.19877	-0.13097
"2163"	21	6709	0.05812	-0.29682
"2164"	21	9092	NA	0.016825
"2165"	21	10162	0.011823	0.03314
"2166"	21	12096	0.079035	-0.14841
"2167"	21	13778	-0.00224	-0.03584
"2168"	21	14112	0.186884	-0.08995
"2169"	21	14379	0.113712	-0.01623
"2170"	21	14683	-0.00054	NA
"2171"	21	14845	0.135108	-0.09
"2172"	21	14845	-0.03599	-0.10789
"2173"	21	14860	0.007273	-0.2073
"2174"	21	15068	0.208629	-0.11787
"2175"	21	16688	0.155372	-0.18528
"2176"	21	17584	0.121967	-0.1407
"2177"	21	17703	0.137092	-0.15702
"2178"	21	17704	0.02118	-0.13295
"2179"	21	18820	-0.05843	-0.15965
"2180"	21	19080	-0.06906	0.014947
"2181"	21	19247	-0.00222	0.294536
"2182"	21	19391	-0.0836	0.01423
"2183"	21	19551	-0.05292	0.035348
"2184"	21	20154	-0.03552	0.022589
"2185"	21	20710	-0.06128	NA
"2186"	21	21000	-0.03764	-0.10182
"2187"	21	21500	-0.00372	0.002141
"2188"	21	22555	-0.03849	0.059521
"2189"	21	24685	0.006049	0.084413
"2190"	21	26653	NA	0.145776
"2191"	21	28211	0.020326	-0.00383
"2192"	21	29654	0.02616	-0.038
"2193"	21	30000	0.022213	-0.09713
"2194"	22	1100	-0.02619	-0.08016
"2195"	22	3258	0.057554	-0.0048
"2196"	22	5966	0.022231	0.046859
"2197"	22	7172	0.047615	-0.13297
"2198"	22	7172	0.198816	NA
"2199"	22	13148	-0.09084	0.063507
"2200"	22	13646	0.119789	0.02349
"2201"	22	16319	NA	NA
"2202"	22	19829	0.062683	-0.00034
"2203"	22	20552	0.152443	0.172997
"2204"	22	22615	0.072251	0.130433
"2205"	22	23148	0.015905	0.143717
"2206"	22	23445	-0.01217	0.076152
"2207"	22	23911	NA	0.565153
"2208"	22	25769	-0.07299	0.086325
"2209"	22	28700	-0.11881	0.070255
"2210"	22	29268	-0.14373	0.118625
"2211"	22	33000	0.00799	0.134677
"2212"	23	0	-0.16155	0.000769
"2213"	23	4000	0.475242	-0.05451
"2214"	23	6000	NA	-0.12829
"2215"	23	9636	0.962713	-0.13637
"2216"	23	10000	0.678214	-0.10589
"2217"	23	10623	0.759521	-0.02206
"2218"	23	12870	0.735446	-0.05905
"2219"	23	13865	NA	-0.07562
"2220"	23	14346	0.759835	0.0062
"2221"	23	14925	0.823271	-0.00072
"2222"	23	22055	NA	-0.13258
"2223"	23	22265	0.716995	-0.1059
"2224"	23	22399	0.615864	-0.10985
"2225"	23	22749	0.685661	-0.09497
"2226"	23	23537	0.612426	-0.04658
"2227"	23	23997	0.746506	-0.10798
"2228"	23	24000	0.433825	NA
"2229"	23	26475	NA	0.037179
"2230"	23	30966	0.967451	0.018979
"2231"	23	34300	NA	-0.06624
"2232"	23	35000	NA	-0.09425
"2233"	23	35606	0.609482	-0.0053
"2234"	23	37437	1.082744	0.036015
"2235"	23	42790	0.655286	-0.06396
"2236"	23	47701	0.862084	-0.11243
"2237"	23	49714	0.668306	-0.11946
"2238"	23	50000	NA	-0.05312
"2239"	23	50170	0.477792	-0.05876
"2240"	23	53700	0.628378	0.049537
"2241"	23	53764	0.693036	NA
"2242"	23	57460	0.869171	0.025425
"2243"	23	58678	0.62221	-0.08495
"2244"	23	60000	0.904587	-0.10115
"2245"	23	60647	0.506883	NA
"2246"	23	67151	NA	0.117288
"2247"	23	82983	0.517834	-0.09705
"2248"	23	90040	0.774403	-0.03183
"2249"	23	91515	0.689862	-0.01768
"2250"	23	91903	0.590917	NA
"2251"	23	94004	0.931767	-0.03808
"2252"	23	98905	0.933598	-0.05351
"2253"	23	103193	0.568248	-0.09556
"2254"	23	103227	0.660748	-0.10148
"2255"	23	105000	0.639443	-0.05296
"2256"	23	117596	0.799078	-0.13989
"2257"	23	122965	0.531052	-0.21615
"2258"	23	125571	0.958822	-0.00648
"2259"	23	130000	0.799992	-0.04474
"2260"	23	130653	0.804311	-0.13263
"2261"	23	133192	0.879181	-0.05452
"2262"	23	134466	0.758389	-0.13588
"2263"	23	135134	0.674154	-0.01138
"2264"	23	135363	0.736801	NA
"2265"	23	143000	0.710277	-0.06273
"2266"	23	145000	0.804139	0.066519
"2267"	23	147594	0.728311	0.017765
"2268"	23	148407	0.775048	NA
"2269"	23	149036	NA	-0.13818
"2270"	23	149342	0.653641	0.027358
"2271"	23	155000	0.004061	-0.01314
